402 22
1 402
1
11 27 31 85 106 135 155 176 180 207 209 211 230 238 245 252 268 271 272 292 324 325 335 355 379 397 400
52 58 95 125 128 130 131 133 172 173 181 185 191 192 222 236 242 259 279 291 313 314 333 348 385
6 34 79 86 109 112 115 123 124 127 139 150 168 178 183 202 213 307 341 352 383
10 20 42 43 46 66 76 77 129 153 264 265 330 336 345 356 362 363 386
24 35 64 110 118 140 165 233 251 253 305 346 357 365
8 39 73 89 107 146 161 179 194 220 229 237 258 312 326 337 339 381 398
22 61 148 166 199 232 262 276 287 294 296 299 300 319 331 354 358 359
17 19 28 99 100 102 120 154 190 203 248 257 295 334 350 367 370 376
4 32 36 60 72 83 84 93 94 96 98 116 117 136 156 164 187 198 212 215 223 239 270 275 285 308 311 343 353 392
7 29 41 50 63 121 142 144 149 163 247 261 283 284 288 310 369 372 373 378 389 391
37 57 91 111 126 138 141 151 157 174 216 219 221 228 263 277 301 304 323 380
15 30 44 62 80 114 159 162 169 195 196 226 231 235 255 266 290 298 316 347 349 401
38 113 175 188 227 240 273 274 289 293 306 318 332 338 351 364 374 382 390
9 23 25 53 69 78 134 145 205 218 280 315 322 328
2 3 13 16 21 55 67 68 82 103 104 137 200 214 241 246 249 302 303 327 396
12 14 45 47 108 171 193 243 278 320 329 360 368 393 399
54 59 70 74 75 87 88 167 170 184 186 204 206 254 282 317 377 384 394
5 33 40 65 71 97 105 119 122 132 143 147 189 201 208 224 234 260 267 361 371 388 395
48 51 92 152 158 177 182 210 217 244 250 269 286 297 309 340 342 366 375 387
18 26 49 56 81 90 101 160 197 225 256 281 321 344
402
1 2 1
1 13 1
1 14 1
1 15 1
1 78 1
1 79 1
1 83 1
1 127 1
1 182 1
1 184 1
1 195 1
1 365 1
15 60 1
15 61 1
15 63 1
15 69 1
15 77 1
15 105 1
15 110 1
15 123 1
15 141 1
15 168 1
15 171 1
15 173 1
15 185 1
15 199 1
15 205 1
15 210 1
15 256 1
15 265 1
15 275 1
15 288 1
15 299 1
15 300 1
15 317 1
15 355 1
15 359 1
15 364 1
17 60 1
17 61 1
17 63 1
17 69 1
17 77 1
17 105 1
17 110 1
17 123 1
17 141 1
17 168 1
17 171 1
17 173 1
17 185 1
17 199 1
17 205 1
17 210 1
17 256 1
17 265 1
17 275 1
17 288 1
17 299 1
17 300 1
17 317 1
17 355 1
17 359 1
17 364 1
19 60 1
19 61 1
19 63 1
19 69 1
19 77 1
19 105 1
19 110 1
19 123 1
19 141 1
19 168 1
19 171 1
19 173 1
19 185 1
19 199 1
19 205 1
19 210 1
19 256 1
19 265 1
19 275 1
19 288 1
19 299 1
19 300 1
19 317 1
19 355 1
19 359 1
19 364 1
24 60 1
24 61 1
24 63 1
24 69 1
24 77 1
24 105 1
24 110 1
24 123 1
24 141 1
24 168 1
24 171 1
24 173 1
24 185 1
24 199 1
24 205 1
24 210 1
24 256 1
24 265 1
24 275 1
24 288 1
24 299 1
24 300 1
24 317 1
24 355 1
24 359 1
24 364 1
30 60 1
30 61 1
30 63 1
30 69 1
30 77 1
30 105 1
30 110 1
30 123 1
30 141 1
30 168 1
30 171 1
30 173 1
30 185 1
30 199 1
30 205 1
30 210 1
30 256 1
30 265 1
30 275 1
30 288 1
30 299 1
30 300 1
30 317 1
30 355 1
30 359 1
30 364 1
33 60 1
33 61 1
33 63 1
33 69 1
33 77 1
33 105 1
33 110 1
33 123 1
33 141 1
33 168 1
33 171 1
33 173 1
33 185 1
33 199 1
33 205 1
33 210 1
33 256 1
33 265 1
33 275 1
33 288 1
33 299 1
33 300 1
33 317 1
33 355 1
33 359 1
33 364 1
36 60 1
36 61 1
36 63 1
36 69 1
36 77 1
36 105 1
36 110 1
36 123 1
36 141 1
36 168 1
36 171 1
36 173 1
36 185 1
36 199 1
36 205 1
36 210 1
36 256 1
36 265 1
36 275 1
36 288 1
36 299 1
36 300 1
36 317 1
36 355 1
36 359 1
36 364 1
40 60 1
40 61 1
40 63 1
40 69 1
40 77 1
40 105 1
40 110 1
40 123 1
40 141 1
40 168 1
40 171 1
40 173 1
40 185 1
40 199 1
40 205 1
40 210 1
40 256 1
40 265 1
40 275 1
40 288 1
40 299 1
40 300 1
40 317 1
40 355 1
40 359 1
40 364 1
45 60 1
45 61 1
45 63 1
45 69 1
45 77 1
45 105 1
45 110 1
45 123 1
45 141 1
45 168 1
45 171 1
45 173 1
45 185 1
45 199 1
45 205 1
45 210 1
45 256 1
45 265 1
45 275 1
45 288 1
45 299 1
45 300 1
45 317 1
45 355 1
45 359 1
45 364 1
47 60 1
47 61 1
47 63 1
47 69 1
47 77 1
47 105 1
47 110 1
47 123 1
47 141 1
47 168 1
47 171 1
47 173 1
47 185 1
47 199 1
47 205 1
47 210 1
47 256 1
47 265 1
47 275 1
47 288 1
47 299 1
47 300 1
47 317 1
47 355 1
47 359 1
47 364 1
67 60 38
67 61 38
67 63 38
67 69 38
67 77 38
67 105 38
67 110 38
67 123 38
67 141 38
67 168 38
67 171 38
67 173 38
67 185 38
67 199 38
67 205 38
67 210 38
67 256 38
67 265 38
67 275 38
67 288 38
67 299 38
67 300 38
67 317 38
67 355 38
67 359 38
67 364 38
94 60 34
94 61 34
94 63 34
94 69 34
94 77 34
94 105 34
94 110 34
94 123 34
94 141 34
94 168 34
94 171 34
94 173 34
94 185 34
94 199 34
94 205 34
94 210 34
94 256 34
94 265 34
94 275 34
94 288 34
94 299 34
94 300 34
94 317 34
94 355 34
94 359 34
94 364 34
133 60 53
133 61 53
133 63 53
133 69 53
133 77 53
133 105 53
133 110 53
133 123 53
133 141 53
133 168 53
133 171 53
133 173 53
133 185 53
133 199 53
133 205 53
133 210 53
133 256 53
133 265 53
133 275 53
133 288 53
133 299 53
133 300 53
133 317 53
133 355 53
133 359 53
133 364 53
176 60 39
176 61 39
176 63 39
176 69 39
176 77 39
176 105 39
176 110 39
176 123 39
176 141 39
176 168 39
176 171 39
176 173 39
176 185 39
176 199 39
176 205 39
176 210 39
176 256 39
176 265 39
176 275 39
176 288 39
176 299 39
176 300 39
176 317 39
176 355 39
176 359 39
176 364 39
190 60 22
190 61 22
190 63 22
190 69 22
190 77 22
190 105 22
190 110 22
190 123 22
190 141 22
190 168 22
190 171 22
190 173 22
190 185 22
190 199 22
190 205 22
190 210 22
190 256 22
190 265 22
190 275 22
190 288 22
190 299 22
190 300 22
190 317 22
190 355 22
190 359 22
190 364 22
198 60 51
198 61 51
198 63 51
198 69 51
198 77 51
198 105 51
198 110 51
198 123 51
198 141 51
198 168 51
198 171 51
198 173 51
198 185 51
198 199 51
198 205 51
198 210 51
198 256 51
198 265 51
198 275 51
198 288 51
198 299 51
198 300 51
198 317 51
198 355 51
198 359 51
198 364 51
220 60 43
220 61 43
220 63 43
220 69 43
220 77 43
220 105 43
220 110 43
220 123 43
220 141 43
220 168 43
220 171 43
220 173 43
220 185 43
220 199 43
220 205 43
220 210 43
220 256 43
220 265 43
220 275 43
220 288 43
220 299 43
220 300 43
220 317 43
220 355 43
220 359 43
220 364 43
237 60 31
237 61 31
237 63 31
237 69 31
237 77 31
237 105 31
237 110 31
237 123 31
237 141 31
237 168 31
237 171 31
237 173 31
237 185 31
237 199 31
237 205 31
237 210 31
237 256 31
237 265 31
237 275 31
237 288 31
237 299 31
237 300 31
237 317 31
237 355 31
237 359 31
237 364 31
248 60 35
248 61 35
248 63 35
248 69 35
248 77 35
248 105 35
248 110 35
248 123 35
248 141 35
248 168 35
248 171 35
248 173 35
248 185 35
248 199 35
248 205 35
248 210 35
248 256 35
248 265 35
248 275 35
248 288 35
248 299 35
248 300 35
248 317 35
248 355 35
248 359 35
248 364 35
266 60 33
266 61 33
266 63 33
266 69 33
266 77 33
266 105 33
266 110 33
266 123 33
266 141 33
266 168 33
266 171 33
266 173 33
266 185 33
266 199 33
266 205 33
266 210 33
266 256 33
266 265 33
266 275 33
266 288 33
266 299 33
266 300 33
266 317 33
266 355 33
266 359 33
266 364 33
318 60 31
318 61 31
318 63 31
318 69 31
318 77 31
318 105 31
318 110 31
318 123 31
318 141 31
318 168 31
318 171 31
318 173 31
318 185 31
318 199 31
318 205 31
318 210 31
318 256 31
318 265 31
318 275 31
318 288 31
318 299 31
318 300 31
318 317 31
318 355 31
318 359 31
318 364 31
342 60 42
342 61 42
342 63 42
342 69 42
342 77 42
342 105 42
342 110 42
342 123 42
342 141 42
342 168 42
342 171 42
342 173 42
342 185 42
342 199 42
342 205 42
342 210 42
342 256 42
342 265 42
342 275 42
342 288 42
342 299 42
342 300 42
342 317 42
342 355 42
342 359 42
342 364 42
345 60 52
345 61 52
345 63 52
345 69 52
345 77 52
345 105 52
345 110 52
345 123 52
345 141 52
345 168 52
345 171 52
345 173 52
345 185 52
345 199 52
345 205 52
345 210 52
345 256 52
345 265 52
345 275 52
345 288 52
345 299 52
345 300 52
345 317 52
345 355 52
345 359 52
345 364 52
350 60 33
350 61 33
350 63 33
350 69 33
350 77 33
350 105 33
350 110 33
350 123 33
350 141 33
350 168 33
350 171 33
350 173 33
350 185 33
350 199 33
350 205 33
350 210 33
350 256 33
350 265 33
350 275 33
350 288 33
350 299 33
350 300 33
350 317 33
350 355 33
350 359 33
350 364 33
379 60 39
379 61 39
379 63 39
379 69 39
379 77 39
379 105 39
379 110 39
379 123 39
379 141 39
379 168 39
379 171 39
379 173 39
379 185 39
379 199 39
379 205 39
379 210 39
379 256 39
379 265 39
379 275 39
379 288 39
379 299 39
379 300 39
379 317 39
379 355 39
379 359 39
379 364 39
383 60 41
383 61 41
383 63 41
383 69 41
383 77 41
383 105 41
383 110 41
383 123 41
383 141 41
383 168 41
383 171 41
383 173 41
383 185 41
383 199 41
383 205 41
383 210 41
383 256 41
383 265 41
383 275 41
383 288 41
383 299 41
383 300 41
383 317 41
383 355 41
383 359 41
383 364 41
398 60 21
398 61 21
398 63 21
398 69 21
398 77 21
398 105 21
398 110 21
398 123 21
398 141 21
398 168 21
398 171 21
398 173 21
398 185 21
398 199 21
398 205 21
398 210 21
398 256 21
398 265 21
398 275 21
398 288 21
398 299 21
398 300 21
398 317 21
398 355 21
398 359 21
398 364 21
14 65 1
14 115 1
14 130 1
14 136 1
14 230 1
14 242 1
14 249 1
14 259 1
14 273 1
14 277 1
14 289 1
14 293 1
14 304 1
14 312 1
14 326 1
14 330 1
14 332 1
14 335 1
14 342 1
14 349 1
14 366 1
14 377 1
21 65 1
21 115 1
21 130 1
21 136 1
21 230 1
21 242 1
21 249 1
21 259 1
21 273 1
21 277 1
21 289 1
21 293 1
21 304 1
21 312 1
21 326 1
21 330 1
21 332 1
21 335 1
21 342 1
21 349 1
21 366 1
21 377 1
26 65 1
26 115 1
26 130 1
26 136 1
26 230 1
26 242 1
26 249 1
26 259 1
26 273 1
26 277 1
26 289 1
26 293 1
26 304 1
26 312 1
26 326 1
26 330 1
26 332 1
26 335 1
26 342 1
26 349 1
26 366 1
26 377 1
37 65 1
37 115 1
37 130 1
37 136 1
37 230 1
37 242 1
37 249 1
37 259 1
37 273 1
37 277 1
37 289 1
37 293 1
37 304 1
37 312 1
37 326 1
37 330 1
37 332 1
37 335 1
37 342 1
37 349 1
37 366 1
37 377 1
62 65 1
62 115 1
62 130 1
62 136 1
62 230 1
62 242 1
62 249 1
62 259 1
62 273 1
62 277 1
62 289 1
62 293 1
62 304 1
62 312 1
62 326 1
62 330 1
62 332 1
62 335 1
62 342 1
62 349 1
62 366 1
62 377 1
105 65 27
105 115 27
105 130 27
105 136 27
105 230 27
105 242 27
105 249 27
105 259 27
105 273 27
105 277 27
105 289 27
105 293 27
105 304 27
105 312 27
105 326 27
105 330 27
105 332 27
105 335 27
105 342 27
105 349 27
105 366 27
105 377 27
112 65 44
112 115 44
112 130 44
112 136 44
112 230 44
112 242 44
112 249 44
112 259 44
112 273 44
112 277 44
112 289 44
112 293 44
112 304 44
112 312 44
112 326 44
112 330 44
112 332 44
112 335 44
112 342 44
112 349 44
112 366 44
112 377 44
141 65 42
141 115 42
141 130 42
141 136 42
141 230 42
141 242 42
141 249 42
141 259 42
141 273 42
141 277 42
141 289 42
141 293 42
141 304 42
141 312 42
141 326 42
141 330 42
141 332 42
141 335 42
141 342 42
141 349 42
141 366 42
141 377 42
149 65 50
149 115 50
149 130 50
149 136 50
149 230 50
149 242 50
149 249 50
149 259 50
149 273 50
149 277 50
149 289 50
149 293 50
149 304 50
149 312 50
149 326 50
149 330 50
149 332 50
149 335 50
149 342 50
149 349 50
149 366 50
149 377 50
203 65 44
203 115 44
203 130 44
203 136 44
203 230 44
203 242 44
203 249 44
203 259 44
203 273 44
203 277 44
203 289 44
203 293 44
203 304 44
203 312 44
203 326 44
203 330 44
203 332 44
203 335 44
203 342 44
203 349 44
203 366 44
203 377 44
257 65 48
257 115 48
257 130 48
257 136 48
257 230 48
257 242 48
257 249 48
257 259 48
257 273 48
257 277 48
257 289 48
257 293 48
257 304 48
257 312 48
257 326 48
257 330 48
257 332 48
257 335 48
257 342 48
257 349 48
257 366 48
257 377 48
280 65 35
280 115 35
280 130 35
280 136 35
280 230 35
280 242 35
280 249 35
280 259 35
280 273 35
280 277 35
280 289 35
280 293 35
280 304 35
280 312 35
280 326 35
280 330 35
280 332 35
280 335 35
280 342 35
280 349 35
280 366 35
280 377 35
315 65 47
315 115 47
315 130 47
315 136 47
315 230 47
315 242 47
315 249 47
315 259 47
315 273 47
315 277 47
315 289 47
315 293 47
315 304 47
315 312 47
315 326 47
315 330 47
315 332 47
315 335 47
315 342 47
315 349 47
315 366 47
315 377 47
324 65 23
324 115 23
324 130 23
324 136 23
324 230 23
324 242 23
324 249 23
324 259 23
324 273 23
324 277 23
324 289 23
324 293 23
324 304 23
324 312 23
324 326 23
324 330 23
324 332 23
324 335 23
324 342 23
324 349 23
324 366 23
324 377 23
331 65 44
331 115 44
331 130 44
331 136 44
331 230 44
331 242 44
331 249 44
331 259 44
331 273 44
331 277 44
331 289 44
331 293 44
331 304 44
331 312 44
331 326 44
331 330 44
331 332 44
331 335 44
331 342 44
331 349 44
331 366 44
331 377 44
362 65 20
362 115 20
362 130 20
362 136 20
362 230 20
362 242 20
362 249 20
362 259 20
362 273 20
362 277 20
362 289 20
362 293 20
362 304 20
362 312 20
362 326 20
362 330 20
362 332 20
362 335 20
362 342 20
362 349 20
362 366 20
362 377 20
372 65 51
372 115 51
372 130 51
372 136 51
372 230 51
372 242 51
372 249 51
372 259 51
372 273 51
372 277 51
372 289 51
372 293 51
372 304 51
372 312 51
372 326 51
372 330 51
372 332 51
372 335 51
372 342 51
372 349 51
372 366 51
372 377 51
380 65 47
380 115 47
380 130 47
380 136 47
380 230 47
380 242 47
380 249 47
380 259 47
380 273 47
380 277 47
380 289 47
380 293 47
380 304 47
380 312 47
380 326 47
380 330 47
380 332 47
380 335 47
380 342 47
380 349 47
380 366 47
380 377 47
394 65 22
394 115 22
394 130 22
394 136 22
394 230 22
394 242 22
394 249 22
394 259 22
394 273 22
394 277 22
394 289 22
394 293 22
394 304 22
394 312 22
394 326 22
394 330 22
394 332 22
394 335 22
394 342 22
394 349 22
394 366 22
394 377 22
397 65 41
397 115 41
397 130 41
397 136 41
397 230 41
397 242 41
397 249 41
397 259 41
397 273 41
397 277 41
397 289 41
397 293 41
397 304 41
397 312 41
397 326 41
397 330 41
397 332 41
397 335 41
397 342 41
397 349 41
397 366 41
397 377 41
2 3 2
2 16 2
2 17 2
2 18 2
2 50 2
2 99 2
2 111 2
2 128 2
2 131 2
2 153 2
2 161 2
2 180 2
2 193 2
2 196 2
2 201 2
2 202 2
2 218 2
2 231 2
2 246 2
2 274 2
2 282 2
2 284 2
2 287 2
2 331 2
2 336 2
2 356 2
2 358 2
2 379 2
69 3 49
69 16 49
69 17 49
69 18 49
69 50 49
69 99 49
69 111 49
69 128 49
69 131 49
69 153 49
69 161 49
69 180 49
69 193 49
69 196 49
69 201 49
69 202 49
69 218 49
69 231 49
69 246 49
69 274 49
69 282 49
69 284 49
69 287 49
69 331 49
69 336 49
69 356 49
69 358 49
69 379 49
75 3 23
75 16 23
75 17 23
75 18 23
75 50 23
75 99 23
75 111 23
75 128 23
75 131 23
75 153 23
75 161 23
75 180 23
75 193 23
75 196 23
75 201 23
75 202 23
75 218 23
75 231 23
75 246 23
75 274 23
75 282 23
75 284 23
75 287 23
75 331 23
75 336 23
75 356 23
75 358 23
75 379 23
84 3 39
84 16 39
84 17 39
84 18 39
84 50 39
84 99 39
84 111 39
84 128 39
84 131 39
84 153 39
84 161 39
84 180 39
84 193 39
84 196 39
84 201 39
84 202 39
84 218 39
84 231 39
84 246 39
84 274 39
84 282 39
84 284 39
84 287 39
84 331 39
84 336 39
84 356 39
84 358 39
84 379 39
96 3 40
96 16 40
96 17 40
96 18 40
96 50 40
96 99 40
96 111 40
96 128 40
96 131 40
96 153 40
96 161 40
96 180 40
96 193 40
96 196 40
96 201 40
96 202 40
96 218 40
96 231 40
96 246 40
96 274 40
96 282 40
96 284 40
96 287 40
96 331 40
96 336 40
96 356 40
96 358 40
96 379 40
117 3 47
117 16 47
117 17 47
117 18 47
117 50 47
117 99 47
117 111 47
117 128 47
117 131 47
117 153 47
117 161 47
117 180 47
117 193 47
117 196 47
117 201 47
117 202 47
117 218 47
117 231 47
117 246 47
117 274 47
117 282 47
117 284 47
117 287 47
117 331 47
117 336 47
117 356 47
117 358 47
117 379 47
125 3 34
125 16 34
125 17 34
125 18 34
125 50 34
125 99 34
125 111 34
125 128 34
125 131 34
125 153 34
125 161 34
125 180 34
125 193 34
125 196 34
125 201 34
125 202 34
125 218 34
125 231 34
125 246 34
125 274 34
125 282 34
125 284 34
125 287 34
125 331 34
125 336 34
125 356 34
125 358 34
125 379 34
135 3 34
135 16 34
135 17 34
135 18 34
135 50 34
135 99 34
135 111 34
135 128 34
135 131 34
135 153 34
135 161 34
135 180 34
135 193 34
135 196 34
135 201 34
135 202 34
135 218 34
135 231 34
135 246 34
135 274 34
135 282 34
135 284 34
135 287 34
135 331 34
135 336 34
135 356 34
135 358 34
135 379 34
157 3 38
157 16 38
157 17 38
157 18 38
157 50 38
157 99 38
157 111 38
157 128 38
157 131 38
157 153 38
157 161 38
157 180 38
157 193 38
157 196 38
157 201 38
157 202 38
157 218 38
157 231 38
157 246 38
157 274 38
157 282 38
157 284 38
157 287 38
157 331 38
157 336 38
157 356 38
157 358 38
157 379 38
165 3 21
165 16 21
165 17 21
165 18 21
165 50 21
165 99 21
165 111 21
165 128 21
165 131 21
165 153 21
165 161 21
165 180 21
165 193 21
165 196 21
165 201 21
165 202 21
165 218 21
165 231 21
165 246 21
165 274 21
165 282 21
165 284 21
165 287 21
165 331 21
165 336 21
165 356 21
165 358 21
165 379 21
171 3 28
171 16 28
171 17 28
171 18 28
171 50 28
171 99 28
171 111 28
171 128 28
171 131 28
171 153 28
171 161 28
171 180 28
171 193 28
171 196 28
171 201 28
171 202 28
171 218 28
171 231 28
171 246 28
171 274 28
171 282 28
171 284 28
171 287 28
171 331 28
171 336 28
171 356 28
171 358 28
171 379 28
205 3 35
205 16 35
205 17 35
205 18 35
205 50 35
205 99 35
205 111 35
205 128 35
205 131 35
205 153 35
205 161 35
205 180 35
205 193 35
205 196 35
205 201 35
205 202 35
205 218 35
205 231 35
205 246 35
205 274 35
205 282 35
205 284 35
205 287 35
205 331 35
205 336 35
205 356 35
205 358 35
205 379 35
206 3 51
206 16 51
206 17 51
206 18 51
206 50 51
206 99 51
206 111 51
206 128 51
206 131 51
206 153 51
206 161 51
206 180 51
206 193 51
206 196 51
206 201 51
206 202 51
206 218 51
206 231 51
206 246 51
206 274 51
206 282 51
206 284 51
206 287 51
206 331 51
206 336 51
206 356 51
206 358 51
206 379 51
212 3 40
212 16 40
212 17 40
212 18 40
212 50 40
212 99 40
212 111 40
212 128 40
212 131 40
212 153 40
212 161 40
212 180 40
212 193 40
212 196 40
212 201 40
212 202 40
212 218 40
212 231 40
212 246 40
212 274 40
212 282 40
212 284 40
212 287 40
212 331 40
212 336 40
212 356 40
212 358 40
212 379 40
256 3 45
256 16 45
256 17 45
256 18 45
256 50 45
256 99 45
256 111 45
256 128 45
256 131 45
256 153 45
256 161 45
256 180 45
256 193 45
256 196 45
256 201 45
256 202 45
256 218 45
256 231 45
256 246 45
256 274 45
256 282 45
256 284 45
256 287 45
256 331 45
256 336 45
256 356 45
256 358 45
256 379 45
262 3 27
262 16 27
262 17 27
262 18 27
262 50 27
262 99 27
262 111 27
262 128 27
262 131 27
262 153 27
262 161 27
262 180 27
262 193 27
262 196 27
262 201 27
262 202 27
262 218 27
262 231 27
262 246 27
262 274 27
262 282 27
262 284 27
262 287 27
262 331 27
262 336 27
262 356 27
262 358 27
262 379 27
265 3 43
265 16 43
265 17 43
265 18 43
265 50 43
265 99 43
265 111 43
265 128 43
265 131 43
265 153 43
265 161 43
265 180 43
265 193 43
265 196 43
265 201 43
265 202 43
265 218 43
265 231 43
265 246 43
265 274 43
265 282 43
265 284 43
265 287 43
265 331 43
265 336 43
265 356 43
265 358 43
265 379 43
272 3 24
272 16 24
272 17 24
272 18 24
272 50 24
272 99 24
272 111 24
272 128 24
272 131 24
272 153 24
272 161 24
272 180 24
272 193 24
272 196 24
272 201 24
272 202 24
272 218 24
272 231 24
272 246 24
272 274 24
272 282 24
272 284 24
272 287 24
272 331 24
272 336 24
272 356 24
272 358 24
272 379 24
303 3 45
303 16 45
303 17 45
303 18 45
303 50 45
303 99 45
303 111 45
303 128 45
303 131 45
303 153 45
303 161 45
303 180 45
303 193 45
303 196 45
303 201 45
303 202 45
303 218 45
303 231 45
303 246 45
303 274 45
303 282 45
303 284 45
303 287 45
303 331 45
303 336 45
303 356 45
303 358 45
303 379 45
314 3 49
314 16 49
314 17 49
314 18 49
314 50 49
314 99 49
314 111 49
314 128 49
314 131 49
314 153 49
314 161 49
314 180 49
314 193 49
314 196 49
314 201 49
314 202 49
314 218 49
314 231 49
314 246 49
314 274 49
314 282 49
314 284 49
314 287 49
314 331 49
314 336 49
314 356 49
314 358 49
314 379 49
321 3 50
321 16 50
321 17 50
321 18 50
321 50 50
321 99 50
321 111 50
321 128 50
321 131 50
321 153 50
321 161 50
321 180 50
321 193 50
321 196 50
321 201 50
321 202 50
321 218 50
321 231 50
321 246 50
321 274 50
321 282 50
321 284 50
321 287 50
321 331 50
321 336 50
321 356 50
321 358 50
321 379 50
322 3 49
322 16 49
322 17 49
322 18 49
322 50 49
322 99 49
322 111 49
322 128 49
322 131 49
322 153 49
322 161 49
322 180 49
322 193 49
322 196 49
322 201 49
322 202 49
322 218 49
322 231 49
322 246 49
322 274 49
322 282 49
322 284 49
322 287 49
322 331 49
322 336 49
322 356 49
322 358 49
322 379 49
328 3 49
328 16 49
328 17 49
328 18 49
328 50 49
328 99 49
328 111 49
328 128 49
328 131 49
328 153 49
328 161 49
328 180 49
328 193 49
328 196 49
328 201 49
328 202 49
328 218 49
328 231 49
328 246 49
328 274 49
328 282 49
328 284 49
328 287 49
328 331 49
328 336 49
328 356 49
328 358 49
328 379 49
340 3 22
340 16 22
340 17 22
340 18 22
340 50 22
340 99 22
340 111 22
340 128 22
340 131 22
340 153 22
340 161 22
340 180 22
340 193 22
340 196 22
340 201 22
340 202 22
340 218 22
340 231 22
340 246 22
340 274 22
340 282 22
340 284 22
340 287 22
340 331 22
340 336 22
340 356 22
340 358 22
340 379 22
341 3 43
341 16 43
341 17 43
341 18 43
341 50 43
341 99 43
341 111 43
341 128 43
341 131 43
341 153 43
341 161 43
341 180 43
341 193 43
341 196 43
341 201 43
341 202 43
341 218 43
341 231 43
341 246 43
341 274 43
341 282 43
341 284 43
341 287 43
341 331 43
341 336 43
341 356 43
341 358 43
341 379 43
359 3 36
359 16 36
359 17 36
359 18 36
359 50 36
359 99 36
359 111 36
359 128 36
359 131 36
359 153 36
359 161 36
359 180 36
359 193 36
359 196 36
359 201 36
359 202 36
359 218 36
359 231 36
359 246 36
359 274 36
359 282 36
359 284 36
359 287 36
359 331 36
359 336 36
359 356 36
359 358 36
359 379 36
374 3 35
374 16 35
374 17 35
374 18 35
374 50 35
374 99 35
374 111 35
374 128 35
374 131 35
374 153 35
374 161 35
374 180 35
374 193 35
374 196 35
374 201 35
374 202 35
374 218 35
374 231 35
374 246 35
374 274 35
374 282 35
374 284 35
374 287 35
374 331 35
374 336 35
374 356 35
374 358 35
374 379 35
391 3 42
391 16 42
391 17 42
391 18 42
391 50 42
391 99 42
391 111 42
391 128 42
391 131 42
391 153 42
391 161 42
391 180 42
391 193 42
391 196 42
391 201 42
391 202 42
391 218 42
391 231 42
391 246 42
391 274 42
391 282 42
391 284 42
391 287 42
391 331 42
391 336 42
391 356 42
391 358 42
391 379 42
9 10 1
9 37 1
9 38 1
9 39 1
9 54 1
9 56 1
9 75 1
9 80 1
9 81 1
9 90 1
9 92 1
9 124 1
9 134 1
9 149 1
9 170 1
9 176 1
9 200 1
9 281 1
9 290 1
9 306 1
9 361 1
9 384 1
51 10 1
51 37 1
51 38 1
51 39 1
51 54 1
51 56 1
51 75 1
51 80 1
51 81 1
51 90 1
51 92 1
51 124 1
51 134 1
51 149 1
51 170 1
51 176 1
51 200 1
51 281 1
51 290 1
51 306 1
51 361 1
51 384 1
52 10 1
52 37 1
52 38 1
52 39 1
52 54 1
52 56 1
52 75 1
52 80 1
52 81 1
52 90 1
52 92 1
52 124 1
52 134 1
52 149 1
52 170 1
52 176 1
52 200 1
52 281 1
52 290 1
52 306 1
52 361 1
52 384 1
64 10 36
64 37 36
64 38 36
64 39 36
64 54 36
64 56 36
64 75 36
64 80 36
64 81 36
64 90 36
64 92 36
64 124 36
64 134 36
64 149 36
64 170 36
64 176 36
64 200 36
64 281 36
64 290 36
64 306 36
64 361 36
64 384 36
66 10 53
66 37 53
66 38 53
66 39 53
66 54 53
66 56 53
66 75 53
66 80 53
66 81 53
66 90 53
66 92 53
66 124 53
66 134 53
66 149 53
66 170 53
66 176 53
66 200 53
66 281 53
66 290 53
66 306 53
66 361 53
66 384 53
79 10 38
79 37 38
79 38 38
79 39 38
79 54 38
79 56 38
79 75 38
79 80 38
79 81 38
79 90 38
79 92 38
79 124 38
79 134 38
79 149 38
79 170 38
79 176 38
79 200 38
79 281 38
79 290 38
79 306 38
79 361 38
79 384 38
97 10 51
97 37 51
97 38 51
97 39 51
97 54 51
97 56 51
97 75 51
97 80 51
97 81 51
97 90 51
97 92 51
97 124 51
97 134 51
97 149 51
97 170 51
97 176 51
97 200 51
97 281 51
97 290 51
97 306 51
97 361 51
97 384 51
120 10 36
120 37 36
120 38 36
120 39 36
120 54 36
120 56 36
120 75 36
120 80 36
120 81 36
120 90 36
120 92 36
120 124 36
120 134 36
120 149 36
120 170 36
120 176 36
120 200 36
120 281 36
120 290 36
120 306 36
120 361 36
120 384 36
132 10 35
132 37 35
132 38 35
132 39 35
132 54 35
132 56 35
132 75 35
132 80 35
132 81 35
132 90 35
132 92 35
132 124 35
132 134 35
132 149 35
132 170 35
132 176 35
132 200 35
132 281 35
132 290 35
132 306 35
132 361 35
132 384 35
144 10 29
144 37 29
144 38 29
144 39 29
144 54 29
144 56 29
144 75 29
144 80 29
144 81 29
144 90 29
144 92 29
144 124 29
144 134 29
144 149 29
144 170 29
144 176 29
144 200 29
144 281 29
144 290 29
144 306 29
144 361 29
144 384 29
158 10 19
158 37 19
158 38 19
158 39 19
158 54 19
158 56 19
158 75 19
158 80 19
158 81 19
158 90 19
158 92 19
158 124 19
158 134 19
158 149 19
158 170 19
158 176 19
158 200 19
158 281 19
158 290 19
158 306 19
158 361 19
158 384 19
175 10 44
175 37 44
175 38 44
175 39 44
175 54 44
175 56 44
175 75 44
175 80 44
175 81 44
175 90 44
175 92 44
175 124 44
175 134 44
175 149 44
175 170 44
175 176 44
175 200 44
175 281 44
175 290 44
175 306 44
175 361 44
175 384 44
184 10 27
184 37 27
184 38 27
184 39 27
184 54 27
184 56 27
184 75 27
184 80 27
184 81 27
184 90 27
184 92 27
184 124 27
184 134 27
184 149 27
184 170 27
184 176 27
184 200 27
184 281 27
184 290 27
184 306 27
184 361 27
184 384 27
185 10 22
185 37 22
185 38 22
185 39 22
185 54 22
185 56 22
185 75 22
185 80 22
185 81 22
185 90 22
185 92 22
185 124 22
185 134 22
185 149 22
185 170 22
185 176 22
185 200 22
185 281 22
185 290 22
185 306 22
185 361 22
185 384 22
186 10 31
186 37 31
186 38 31
186 39 31
186 54 31
186 56 31
186 75 31
186 80 31
186 81 31
186 90 31
186 92 31
186 124 31
186 134 31
186 149 31
186 170 31
186 176 31
186 200 31
186 281 31
186 290 31
186 306 31
186 361 31
186 384 31
189 10 23
189 37 23
189 38 23
189 39 23
189 54 23
189 56 23
189 75 23
189 80 23
189 81 23
189 90 23
189 92 23
189 124 23
189 134 23
189 149 23
189 170 23
189 176 23
189 200 23
189 281 23
189 290 23
189 306 23
189 361 23
189 384 23
195 10 49
195 37 49
195 38 49
195 39 49
195 54 49
195 56 49
195 75 49
195 80 49
195 81 49
195 90 49
195 92 49
195 124 49
195 134 49
195 149 49
195 170 49
195 176 49
195 200 49
195 281 49
195 290 49
195 306 49
195 361 49
195 384 49
234 10 24
234 37 24
234 38 24
234 39 24
234 54 24
234 56 24
234 75 24
234 80 24
234 81 24
234 90 24
234 92 24
234 124 24
234 134 24
234 149 24
234 170 24
234 176 24
234 200 24
234 281 24
234 290 24
234 306 24
234 361 24
234 384 24
255 10 42
255 37 42
255 38 42
255 39 42
255 54 42
255 56 42
255 75 42
255 80 42
255 81 42
255 90 42
255 92 42
255 124 42
255 134 42
255 149 42
255 170 42
255 176 42
255 200 42
255 281 42
255 290 42
255 306 42
255 361 42
255 384 42
279 10 36
279 37 36
279 38 36
279 39 36
279 54 36
279 56 36
279 75 36
279 80 36
279 81 36
279 90 36
279 92 36
279 124 36
279 134 36
279 149 36
279 170 36
279 176 36
279 200 36
279 281 36
279 290 36
279 306 36
279 361 36
279 384 36
286 10 37
286 37 37
286 38 37
286 39 37
286 54 37
286 56 37
286 75 37
286 80 37
286 81 37
286 90 37
286 92 37
286 124 37
286 134 37
286 149 37
286 170 37
286 176 37
286 200 37
286 281 37
286 290 37
286 306 37
286 361 37
286 384 37
292 10 47
292 37 47
292 38 47
292 39 47
292 54 47
292 56 47
292 75 47
292 80 47
292 81 47
292 90 47
292 92 47
292 124 47
292 134 47
292 149 47
292 170 47
292 176 47
292 200 47
292 281 47
292 290 47
292 306 47
292 361 47
292 384 47
302 10 37
302 37 37
302 38 37
302 39 37
302 54 37
302 56 37
302 75 37
302 80 37
302 81 37
302 90 37
302 92 37
302 124 37
302 134 37
302 149 37
302 170 37
302 176 37
302 200 37
302 281 37
302 290 37
302 306 37
302 361 37
302 384 37
311 10 37
311 37 37
311 38 37
311 39 37
311 54 37
311 56 37
311 75 37
311 80 37
311 81 37
311 90 37
311 92 37
311 124 37
311 134 37
311 149 37
311 170 37
311 176 37
311 200 37
311 281 37
311 290 37
311 306 37
311 361 37
311 384 37
330 10 21
330 37 21
330 38 21
330 39 21
330 54 21
330 56 21
330 75 21
330 80 21
330 81 21
330 90 21
330 92 21
330 124 21
330 134 21
330 149 21
330 170 21
330 176 21
330 200 21
330 281 21
330 290 21
330 306 21
330 361 21
330 384 21
353 10 20
353 37 20
353 38 20
353 39 20
353 54 20
353 56 20
353 75 20
353 80 20
353 81 20
353 90 20
353 92 20
353 124 20
353 134 20
353 149 20
353 170 20
353 176 20
353 200 20
353 281 20
353 290 20
353 306 20
353 361 20
353 384 20
364 10 29
364 37 29
364 38 29
364 39 29
364 54 29
364 56 29
364 75 29
364 80 29
364 81 29
364 90 29
364 92 29
364 124 29
364 134 29
364 149 29
364 170 29
364 176 29
364 200 29
364 281 29
364 290 29
364 306 29
364 361 29
364 384 29
11 12 1
11 43 1
11 44 1
11 45 1
11 53 1
11 57 1
11 101 1
11 102 1
11 109 1
11 112 1
11 125 1
11 154 1
11 165 1
11 186 1
11 206 1
11 209 1
11 224 1
11 291 1
11 370 1
11 383 1
11 396 1
70 12 50
70 43 50
70 44 50
70 45 50
70 53 50
70 57 50
70 101 50
70 102 50
70 109 50
70 112 50
70 125 50
70 154 50
70 165 50
70 186 50
70 206 50
70 209 50
70 224 50
70 291 50
70 370 50
70 383 50
70 396 50
95 12 24
95 43 24
95 44 24
95 45 24
95 53 24
95 57 24
95 101 24
95 102 24
95 109 24
95 112 24
95 125 24
95 154 24
95 165 24
95 186 24
95 206 24
95 209 24
95 224 24
95 291 24
95 370 24
95 383 24
95 396 24
119 12 26
119 43 26
119 44 26
119 45 26
119 53 26
119 57 26
119 101 26
119 102 26
119 109 26
119 112 26
119 125 26
119 154 26
119 165 26
119 186 26
119 206 26
119 209 26
119 224 26
119 291 26
119 370 26
119 383 26
119 396 26
129 12 34
129 43 34
129 44 34
129 45 34
129 53 34
129 57 34
129 101 34
129 102 34
129 109 34
129 112 34
129 125 34
129 154 34
129 165 34
129 186 34
129 206 34
129 209 34
129 224 34
129 291 34
129 370 34
129 383 34
129 396 34
136 12 40
136 43 40
136 44 40
136 45 40
136 53 40
136 57 40
136 101 40
136 102 40
136 109 40
136 112 40
136 125 40
136 154 40
136 165 40
136 186 40
136 206 40
136 209 40
136 224 40
136 291 40
136 370 40
136 383 40
136 396 40
138 12 23
138 43 23
138 44 23
138 45 23
138 53 23
138 57 23
138 101 23
138 102 23
138 109 23
138 112 23
138 125 23
138 154 23
138 165 23
138 186 23
138 206 23
138 209 23
138 224 23
138 291 23
138 370 23
138 383 23
138 396 23
146 12 31
146 43 31
146 44 31
146 45 31
146 53 31
146 57 31
146 101 31
146 102 31
146 109 31
146 112 31
146 125 31
146 154 31
146 165 31
146 186 31
146 206 31
146 209 31
146 224 31
146 291 31
146 370 31
146 383 31
146 396 31
193 12 28
193 43 28
193 44 28
193 45 28
193 53 28
193 57 28
193 101 28
193 102 28
193 109 28
193 112 28
193 125 28
193 154 28
193 165 28
193 186 28
193 206 28
193 209 28
193 224 28
193 291 28
193 370 28
193 383 28
193 396 28
210 12 50
210 43 50
210 44 50
210 45 50
210 53 50
210 57 50
210 101 50
210 102 50
210 109 50
210 112 50
210 125 50
210 154 50
210 165 50
210 186 50
210 206 50
210 209 50
210 224 50
210 291 50
210 370 50
210 383 50
210 396 50
230 12 25
230 43 25
230 44 25
230 45 25
230 53 25
230 57 25
230 101 25
230 102 25
230 109 25
230 112 25
230 125 25
230 154 25
230 165 25
230 186 25
230 206 25
230 209 25
230 224 25
230 291 25
230 370 25
230 383 25
230 396 25
239 12 33
239 43 33
239 44 33
239 45 33
239 53 33
239 57 33
239 101 33
239 102 33
239 109 33
239 112 33
239 125 33
239 154 33
239 165 33
239 186 33
239 206 33
239 209 33
239 224 33
239 291 33
239 370 33
239 383 33
239 396 33
246 12 45
246 43 45
246 44 45
246 45 45
246 53 45
246 57 45
246 101 45
246 102 45
246 109 45
246 112 45
246 125 45
246 154 45
246 165 45
246 186 45
246 206 45
246 209 45
246 224 45
246 291 45
246 370 45
246 383 45
246 396 45
260 12 40
260 43 40
260 44 40
260 45 40
260 53 40
260 57 40
260 101 40
260 102 40
260 109 40
260 112 40
260 125 40
260 154 40
260 165 40
260 186 40
260 206 40
260 209 40
260 224 40
260 291 40
260 370 40
260 383 40
260 396 40
277 12 35
277 43 35
277 44 35
277 45 35
277 53 35
277 57 35
277 101 35
277 102 35
277 109 35
277 112 35
277 125 35
277 154 35
277 165 35
277 186 35
277 206 35
277 209 35
277 224 35
277 291 35
277 370 35
277 383 35
277 396 35
283 12 37
283 43 37
283 44 37
283 45 37
283 53 37
283 57 37
283 101 37
283 102 37
283 109 37
283 112 37
283 125 37
283 154 37
283 165 37
283 186 37
283 206 37
283 209 37
283 224 37
283 291 37
283 370 37
283 383 37
283 396 37
285 12 52
285 43 52
285 44 52
285 45 52
285 53 52
285 57 52
285 101 52
285 102 52
285 109 52
285 112 52
285 125 52
285 154 52
285 165 52
285 186 52
285 206 52
285 209 52
285 224 52
285 291 52
285 370 52
285 383 52
285 396 52
306 12 43
306 43 43
306 44 43
306 45 43
306 53 43
306 57 43
306 101 43
306 102 43
306 109 43
306 112 43
306 125 43
306 154 43
306 165 43
306 186 43
306 206 43
306 209 43
306 224 43
306 291 43
306 370 43
306 383 43
306 396 43
337 12 46
337 43 46
337 44 46
337 45 46
337 53 46
337 57 46
337 101 46
337 102 46
337 109 46
337 112 46
337 125 46
337 154 46
337 165 46
337 186 46
337 206 46
337 209 46
337 224 46
337 291 46
337 370 46
337 383 46
337 396 46
371 12 46
371 43 46
371 44 46
371 45 46
371 53 46
371 57 46
371 101 46
371 102 46
371 109 46
371 112 46
371 125 46
371 154 46
371 165 46
371 186 46
371 206 46
371 209 46
371 224 46
371 291 46
371 370 46
371 383 46
371 396 46
377 12 24
377 43 24
377 44 24
377 45 24
377 53 24
377 57 24
377 101 24
377 102 24
377 109 24
377 112 24
377 125 24
377 154 24
377 165 24
377 186 24
377 206 24
377 209 24
377 224 24
377 291 24
377 370 24
377 383 24
377 396 24
382 12 30
382 43 30
382 44 30
382 45 30
382 53 30
382 57 30
382 101 30
382 102 30
382 109 30
382 112 30
382 125 30
382 154 30
382 165 30
382 186 30
382 206 30
382 209 30
382 224 30
382 291 30
382 370 30
382 383 30
382 396 30
387 12 35
387 43 35
387 44 35
387 45 35
387 53 35
387 57 35
387 101 35
387 102 35
387 109 35
387 112 35
387 125 35
387 154 35
387 165 35
387 186 35
387 206 35
387 209 35
387 224 35
387 291 35
387 370 35
387 383 35
387 396 35
13 72 1
13 96 1
13 135 1
13 137 1
13 147 1
13 189 1
13 197 1
13 252 1
13 258 1
13 266 1
13 269 1
13 310 1
13 314 1
13 318 1
13 343 1
13 362 1
13 363 1
13 372 1
13 382 1
13 386 1
13 389 1
18 72 1
18 96 1
18 135 1
18 137 1
18 147 1
18 189 1
18 197 1
18 252 1
18 258 1
18 266 1
18 269 1
18 310 1
18 314 1
18 318 1
18 343 1
18 362 1
18 363 1
18 372 1
18 382 1
18 386 1
18 389 1
25 72 1
25 96 1
25 135 1
25 137 1
25 147 1
25 189 1
25 197 1
25 252 1
25 258 1
25 266 1
25 269 1
25 310 1
25 314 1
25 318 1
25 343 1
25 362 1
25 363 1
25 372 1
25 382 1
25 386 1
25 389 1
29 72 1
29 96 1
29 135 1
29 137 1
29 147 1
29 189 1
29 197 1
29 252 1
29 258 1
29 266 1
29 269 1
29 310 1
29 314 1
29 318 1
29 343 1
29 362 1
29 363 1
29 372 1
29 382 1
29 386 1
29 389 1
39 72 1
39 96 1
39 135 1
39 137 1
39 147 1
39 189 1
39 197 1
39 252 1
39 258 1
39 266 1
39 269 1
39 310 1
39 314 1
39 318 1
39 343 1
39 362 1
39 363 1
39 372 1
39 382 1
39 386 1
39 389 1
41 72 1
41 96 1
41 135 1
41 137 1
41 147 1
41 189 1
41 197 1
41 252 1
41 258 1
41 266 1
41 269 1
41 310 1
41 314 1
41 318 1
41 343 1
41 362 1
41 363 1
41 372 1
41 382 1
41 386 1
41 389 1
43 72 1
43 96 1
43 135 1
43 137 1
43 147 1
43 189 1
43 197 1
43 252 1
43 258 1
43 266 1
43 269 1
43 310 1
43 314 1
43 318 1
43 343 1
43 362 1
43 363 1
43 372 1
43 382 1
43 386 1
43 389 1
46 72 1
46 96 1
46 135 1
46 137 1
46 147 1
46 189 1
46 197 1
46 252 1
46 258 1
46 266 1
46 269 1
46 310 1
46 314 1
46 318 1
46 343 1
46 362 1
46 363 1
46 372 1
46 382 1
46 386 1
46 389 1
63 72 1
63 96 1
63 135 1
63 137 1
63 147 1
63 189 1
63 197 1
63 252 1
63 258 1
63 266 1
63 269 1
63 310 1
63 314 1
63 318 1
63 343 1
63 362 1
63 363 1
63 372 1
63 382 1
63 386 1
63 389 1
65 72 39
65 96 39
65 135 39
65 137 39
65 147 39
65 189 39
65 197 39
65 252 39
65 258 39
65 266 39
65 269 39
65 310 39
65 314 39
65 318 39
65 343 39
65 362 39
65 363 39
65 372 39
65 382 39
65 386 39
65 389 39
77 72 21
77 96 21
77 135 21
77 137 21
77 147 21
77 189 21
77 197 21
77 252 21
77 258 21
77 266 21
77 269 21
77 310 21
77 314 21
77 318 21
77 343 21
77 362 21
77 363 21
77 372 21
77 382 21
77 386 21
77 389 21
121 72 28
121 96 28
121 135 28
121 137 28
121 147 28
121 189 28
121 197 28
121 252 28
121 258 28
121 266 28
121 269 28
121 310 28
121 314 28
121 318 28
121 343 28
121 362 28
121 363 28
121 372 28
121 382 28
121 386 28
121 389 28
124 72 42
124 96 42
124 135 42
124 137 42
124 147 42
124 189 42
124 197 42
124 252 42
124 258 42
124 266 42
124 269 42
124 310 42
124 314 42
124 318 42
124 343 42
124 362 42
124 363 42
124 372 42
124 382 42
124 386 42
124 389 42
127 72 40
127 96 40
127 135 40
127 137 40
127 147 40
127 189 40
127 197 40
127 252 40
127 258 40
127 266 40
127 269 40
127 310 40
127 314 40
127 318 40
127 343 40
127 362 40
127 363 40
127 372 40
127 382 40
127 386 40
127 389 40
142 72 35
142 96 35
142 135 35
142 137 35
142 147 35
142 189 35
142 197 35
142 252 35
142 258 35
142 266 35
142 269 35
142 310 35
142 314 35
142 318 35
142 343 35
142 362 35
142 363 35
142 372 35
142 382 35
142 386 35
142 389 35
162 72 35
162 96 35
162 135 35
162 137 35
162 147 35
162 189 35
162 197 35
162 252 35
162 258 35
162 266 35
162 269 35
162 310 35
162 314 35
162 318 35
162 343 35
162 362 35
162 363 35
162 372 35
162 382 35
162 386 35
162 389 35
204 72 34
204 96 34
204 135 34
204 137 34
204 147 34
204 189 34
204 197 34
204 252 34
204 258 34
204 266 34
204 269 34
204 310 34
204 314 34
204 318 34
204 343 34
204 362 34
204 363 34
204 372 34
204 382 34
204 386 34
204 389 34
219 72 23
219 96 23
219 135 23
219 137 23
219 147 23
219 189 23
219 197 23
219 252 23
219 258 23
219 266 23
219 269 23
219 310 23
219 314 23
219 318 23
219 343 23
219 362 23
219 363 23
219 372 23
219 382 23
219 386 23
219 389 23
236 72 46
236 96 46
236 135 46
236 137 46
236 147 46
236 189 46
236 197 46
236 252 46
236 258 46
236 266 46
236 269 46
236 310 46
236 314 46
236 318 46
236 343 46
236 362 46
236 363 46
236 372 46
236 382 46
236 386 46
236 389 46
247 72 35
247 96 35
247 135 35
247 137 35
247 147 35
247 189 35
247 197 35
247 252 35
247 258 35
247 266 35
247 269 35
247 310 35
247 314 35
247 318 35
247 343 35
247 362 35
247 363 35
247 372 35
247 382 35
247 386 35
247 389 35
300 72 28
300 96 28
300 135 28
300 137 28
300 147 28
300 189 28
300 197 28
300 252 28
300 258 28
300 266 28
300 269 28
300 310 28
300 314 28
300 318 28
300 343 28
300 362 28
300 363 28
300 372 28
300 382 28
300 386 28
300 389 28
309 72 46
309 96 46
309 135 46
309 137 46
309 147 46
309 189 46
309 197 46
309 252 46
309 258 46
309 266 46
309 269 46
309 310 46
309 314 46
309 318 46
309 343 46
309 362 46
309 363 46
309 372 46
309 382 46
309 386 46
309 389 46
316 72 27
316 96 27
316 135 27
316 137 27
316 147 27
316 189 27
316 197 27
316 252 27
316 258 27
316 266 27
316 269 27
316 310 27
316 314 27
316 318 27
316 343 27
316 362 27
316 363 27
316 372 27
316 382 27
316 386 27
316 389 27
356 72 47
356 96 47
356 135 47
356 137 47
356 147 47
356 189 47
356 197 47
356 252 47
356 258 47
356 266 47
356 269 47
356 310 47
356 314 47
356 318 47
356 343 47
356 362 47
356 363 47
356 372 47
356 382 47
356 386 47
356 389 47
5 6 1
5 25 1
5 26 1
5 27 1
5 55 1
5 73 1
5 103 1
5 106 1
5 122 1
5 142 1
5 155 1
5 177 1
5 179 1
5 211 1
5 228 1
5 233 1
5 238 1
5 248 1
5 251 1
5 278 1
5 320 1
5 321 1
5 327 1
5 350 1
5 354 1
5 375 1
5 393 1
5 395 1
5 401 1
53 6 1
53 25 1
53 26 1
53 27 1
53 55 1
53 73 1
53 103 1
53 106 1
53 122 1
53 142 1
53 155 1
53 177 1
53 179 1
53 211 1
53 228 1
53 233 1
53 238 1
53 248 1
53 251 1
53 278 1
53 320 1
53 321 1
53 327 1
53 350 1
53 354 1
53 375 1
53 393 1
53 395 1
53 401 1
57 6 1
57 25 1
57 26 1
57 27 1
57 55 1
57 73 1
57 103 1
57 106 1
57 122 1
57 142 1
57 155 1
57 177 1
57 179 1
57 211 1
57 228 1
57 233 1
57 238 1
57 248 1
57 251 1
57 278 1
57 320 1
57 321 1
57 327 1
57 350 1
57 354 1
57 375 1
57 393 1
57 395 1
57 401 1
89 6 24
89 25 24
89 26 24
89 27 24
89 55 24
89 73 24
89 103 24
89 106 24
89 122 24
89 142 24
89 155 24
89 177 24
89 179 24
89 211 24
89 228 24
89 233 24
89 238 24
89 248 24
89 251 24
89 278 24
89 320 24
89 321 24
89 327 24
89 350 24
89 354 24
89 375 24
89 393 24
89 395 24
89 401 24
90 6 42
90 25 42
90 26 42
90 27 42
90 55 42
90 73 42
90 103 42
90 106 42
90 122 42
90 142 42
90 155 42
90 177 42
90 179 42
90 211 42
90 228 42
90 233 42
90 238 42
90 248 42
90 251 42
90 278 42
90 320 42
90 321 42
90 327 42
90 350 42
90 354 42
90 375 42
90 393 42
90 395 42
90 401 42
92 6 27
92 25 27
92 26 27
92 27 27
92 55 27
92 73 27
92 103 27
92 106 27
92 122 27
92 142 27
92 155 27
92 177 27
92 179 27
92 211 27
92 228 27
92 233 27
92 238 27
92 248 27
92 251 27
92 278 27
92 320 27
92 321 27
92 327 27
92 350 27
92 354 27
92 375 27
92 393 27
92 395 27
92 401 27
104 6 43
104 25 43
104 26 43
104 27 43
104 55 43
104 73 43
104 103 43
104 106 43
104 122 43
104 142 43
104 155 43
104 177 43
104 179 43
104 211 43
104 228 43
104 233 43
104 238 43
104 248 43
104 251 43
104 278 43
104 320 43
104 321 43
104 327 43
104 350 43
104 354 43
104 375 43
104 393 43
104 395 43
104 401 43
107 6 28
107 25 28
107 26 28
107 27 28
107 55 28
107 73 28
107 103 28
107 106 28
107 122 28
107 142 28
107 155 28
107 177 28
107 179 28
107 211 28
107 228 28
107 233 28
107 238 28
107 248 28
107 251 28
107 278 28
107 320 28
107 321 28
107 327 28
107 350 28
107 354 28
107 375 28
107 393 28
107 395 28
107 401 28
168 6 31
168 25 31
168 26 31
168 27 31
168 55 31
168 73 31
168 103 31
168 106 31
168 122 31
168 142 31
168 155 31
168 177 31
168 179 31
168 211 31
168 228 31
168 233 31
168 238 31
168 248 31
168 251 31
168 278 31
168 320 31
168 321 31
168 327 31
168 350 31
168 354 31
168 375 31
168 393 31
168 395 31
168 401 31
169 6 33
169 25 33
169 26 33
169 27 33
169 55 33
169 73 33
169 103 33
169 106 33
169 122 33
169 142 33
169 155 33
169 177 33
169 179 33
169 211 33
169 228 33
169 233 33
169 238 33
169 248 33
169 251 33
169 278 33
169 320 33
169 321 33
169 327 33
169 350 33
169 354 33
169 375 33
169 393 33
169 395 33
169 401 33
173 6 22
173 25 22
173 26 22
173 27 22
173 55 22
173 73 22
173 103 22
173 106 22
173 122 22
173 142 22
173 155 22
173 177 22
173 179 22
173 211 22
173 228 22
173 233 22
173 238 22
173 248 22
173 251 22
173 278 22
173 320 22
173 321 22
173 327 22
173 350 22
173 354 22
173 375 22
173 393 22
173 395 22
173 401 22
182 6 27
182 25 27
182 26 27
182 27 27
182 55 27
182 73 27
182 103 27
182 106 27
182 122 27
182 142 27
182 155 27
182 177 27
182 179 27
182 211 27
182 228 27
182 233 27
182 238 27
182 248 27
182 251 27
182 278 27
182 320 27
182 321 27
182 327 27
182 350 27
182 354 27
182 375 27
182 393 27
182 395 27
182 401 27
188 6 37
188 25 37
188 26 37
188 27 37
188 55 37
188 73 37
188 103 37
188 106 37
188 122 37
188 142 37
188 155 37
188 177 37
188 179 37
188 211 37
188 228 37
188 233 37
188 238 37
188 248 37
188 251 37
188 278 37
188 320 37
188 321 37
188 327 37
188 350 37
188 354 37
188 375 37
188 393 37
188 395 37
188 401 37
192 6 52
192 25 52
192 26 52
192 27 52
192 55 52
192 73 52
192 103 52
192 106 52
192 122 52
192 142 52
192 155 52
192 177 52
192 179 52
192 211 52
192 228 52
192 233 52
192 238 52
192 248 52
192 251 52
192 278 52
192 320 52
192 321 52
192 327 52
192 350 52
192 354 52
192 375 52
192 393 52
192 395 52
192 401 52
197 6 52
197 25 52
197 26 52
197 27 52
197 55 52
197 73 52
197 103 52
197 106 52
197 122 52
197 142 52
197 155 52
197 177 52
197 179 52
197 211 52
197 228 52
197 233 52
197 238 52
197 248 52
197 251 52
197 278 52
197 320 52
197 321 52
197 327 52
197 350 52
197 354 52
197 375 52
197 393 52
197 395 52
197 401 52
207 6 43
207 25 43
207 26 43
207 27 43
207 55 43
207 73 43
207 103 43
207 106 43
207 122 43
207 142 43
207 155 43
207 177 43
207 179 43
207 211 43
207 228 43
207 233 43
207 238 43
207 248 43
207 251 43
207 278 43
207 320 43
207 321 43
207 327 43
207 350 43
207 354 43
207 375 43
207 393 43
207 395 43
207 401 43
209 6 45
209 25 45
209 26 45
209 27 45
209 55 45
209 73 45
209 103 45
209 106 45
209 122 45
209 142 45
209 155 45
209 177 45
209 179 45
209 211 45
209 228 45
209 233 45
209 238 45
209 248 45
209 251 45
209 278 45
209 320 45
209 321 45
209 327 45
209 350 45
209 354 45
209 375 45
209 393 45
209 395 45
209 401 45
243 6 39
243 25 39
243 26 39
243 27 39
243 55 39
243 73 39
243 103 39
243 106 39
243 122 39
243 142 39
243 155 39
243 177 39
243 179 39
243 211 39
243 228 39
243 233 39
243 238 39
243 248 39
243 251 39
243 278 39
243 320 39
243 321 39
243 327 39
243 350 39
243 354 39
243 375 39
243 393 39
243 395 39
243 401 39
267 6 39
267 25 39
267 26 39
267 27 39
267 55 39
267 73 39
267 103 39
267 106 39
267 122 39
267 142 39
267 155 39
267 177 39
267 179 39
267 211 39
267 228 39
267 233 39
267 238 39
267 248 39
267 251 39
267 278 39
267 320 39
267 321 39
267 327 39
267 350 39
267 354 39
267 375 39
267 393 39
267 395 39
267 401 39
275 6 42
275 25 42
275 26 42
275 27 42
275 55 42
275 73 42
275 103 42
275 106 42
275 122 42
275 142 42
275 155 42
275 177 42
275 179 42
275 211 42
275 228 42
275 233 42
275 238 42
275 248 42
275 251 42
275 278 42
275 320 42
275 321 42
275 327 42
275 350 42
275 354 42
275 375 42
275 393 42
275 395 42
275 401 42
276 6 36
276 25 36
276 26 36
276 27 36
276 55 36
276 73 36
276 103 36
276 106 36
276 122 36
276 142 36
276 155 36
276 177 36
276 179 36
276 211 36
276 228 36
276 233 36
276 238 36
276 248 36
276 251 36
276 278 36
276 320 36
276 321 36
276 327 36
276 350 36
276 354 36
276 375 36
276 393 36
276 395 36
276 401 36
282 6 35
282 25 35
282 26 35
282 27 35
282 55 35
282 73 35
282 103 35
282 106 35
282 122 35
282 142 35
282 155 35
282 177 35
282 179 35
282 211 35
282 228 35
282 233 35
282 238 35
282 248 35
282 251 35
282 278 35
282 320 35
282 321 35
282 327 35
282 350 35
282 354 35
282 375 35
282 393 35
282 395 35
282 401 35
296 6 45
296 25 45
296 26 45
296 27 45
296 55 45
296 73 45
296 103 45
296 106 45
296 122 45
296 142 45
296 155 45
296 177 45
296 179 45
296 211 45
296 228 45
296 233 45
296 238 45
296 248 45
296 251 45
296 278 45
296 320 45
296 321 45
296 327 45
296 350 45
296 354 45
296 375 45
296 393 45
296 395 45
296 401 45
297 6 44
297 25 44
297 26 44
297 27 44
297 55 44
297 73 44
297 103 44
297 106 44
297 122 44
297 142 44
297 155 44
297 177 44
297 179 44
297 211 44
297 228 44
297 233 44
297 238 44
297 248 44
297 251 44
297 278 44
297 320 44
297 321 44
297 327 44
297 350 44
297 354 44
297 375 44
297 393 44
297 395 44
297 401 44
301 6 19
301 25 19
301 26 19
301 27 19
301 55 19
301 73 19
301 103 19
301 106 19
301 122 19
301 142 19
301 155 19
301 177 19
301 179 19
301 211 19
301 228 19
301 233 19
301 238 19
301 248 19
301 251 19
301 278 19
301 320 19
301 321 19
301 327 19
301 350 19
301 354 19
301 375 19
301 393 19
301 395 19
301 401 19
332 6 41
332 25 41
332 26 41
332 27 41
332 55 41
332 73 41
332 103 41
332 106 41
332 122 41
332 142 41
332 155 41
332 177 41
332 179 41
332 211 41
332 228 41
332 233 41
332 238 41
332 248 41
332 251 41
332 278 41
332 320 41
332 321 41
332 327 41
332 350 41
332 354 41
332 375 41
332 393 41
332 395 41
332 401 41
333 6 20
333 25 20
333 26 20
333 27 20
333 55 20
333 73 20
333 103 20
333 106 20
333 122 20
333 142 20
333 155 20
333 177 20
333 179 20
333 211 20
333 228 20
333 233 20
333 238 20
333 248 20
333 251 20
333 278 20
333 320 20
333 321 20
333 327 20
333 350 20
333 354 20
333 375 20
333 393 20
333 395 20
333 401 20
352 6 30
352 25 30
352 26 30
352 27 30
352 55 30
352 73 30
352 103 30
352 106 30
352 122 30
352 142 30
352 155 30
352 177 30
352 179 30
352 211 30
352 228 30
352 233 30
352 238 30
352 248 30
352 251 30
352 278 30
352 320 30
352 321 30
352 327 30
352 350 30
352 354 30
352 375 30
352 393 30
352 395 30
352 401 30
366 6 28
366 25 28
366 26 28
366 27 28
366 55 28
366 73 28
366 103 28
366 106 28
366 122 28
366 142 28
366 155 28
366 177 28
366 179 28
366 211 28
366 228 28
366 233 28
366 238 28
366 248 28
366 251 28
366 278 28
366 320 28
366 321 28
366 327 28
366 350 28
366 354 28
366 375 28
366 393 28
366 395 28
366 401 28
373 6 24
373 25 24
373 26 24
373 27 24
373 55 24
373 73 24
373 103 24
373 106 24
373 122 24
373 142 24
373 155 24
373 177 24
373 179 24
373 211 24
373 228 24
373 233 24
373 238 24
373 248 24
373 251 24
373 278 24
373 320 24
373 321 24
373 327 24
373 350 24
373 354 24
373 375 24
373 393 24
373 395 24
373 401 24
386 6 46
386 25 46
386 26 46
386 27 46
386 55 46
386 73 46
386 103 46
386 106 46
386 122 46
386 142 46
386 155 46
386 177 46
386 179 46
386 211 46
386 228 46
386 233 46
386 238 46
386 248 46
386 251 46
386 278 46
386 320 46
386 321 46
386 327 46
386 350 46
386 354 46
386 375 46
386 393 46
386 395 46
386 401 46
10 11 1
10 40 1
10 41 1
10 42 1
10 49 1
10 67 1
10 71 1
10 108 1
10 119 1
10 187 1
10 194 1
10 214 1
10 220 1
10 232 1
10 239 1
10 286 1
10 297 1
10 305 1
10 351 1
10 381 1
10 385 1
10 394 1
82 11 32
82 40 32
82 41 32
82 42 32
82 49 32
82 67 32
82 71 32
82 108 32
82 119 32
82 187 32
82 194 32
82 214 32
82 220 32
82 232 32
82 239 32
82 286 32
82 297 32
82 305 32
82 351 32
82 381 32
82 385 32
82 394 32
93 11 40
93 40 40
93 41 40
93 42 40
93 49 40
93 67 40
93 71 40
93 108 40
93 119 40
93 187 40
93 194 40
93 214 40
93 220 40
93 232 40
93 239 40
93 286 40
93 297 40
93 305 40
93 351 40
93 381 40
93 385 40
93 394 40
110 11 44
110 40 44
110 41 44
110 42 44
110 49 44
110 67 44
110 71 44
110 108 44
110 119 44
110 187 44
110 194 44
110 214 44
110 220 44
110 232 44
110 239 44
110 286 44
110 297 44
110 305 44
110 351 44
110 381 44
110 385 44
110 394 44
123 11 51
123 40 51
123 41 51
123 42 51
123 49 51
123 67 51
123 71 51
123 108 51
123 119 51
123 187 51
123 194 51
123 214 51
123 220 51
123 232 51
123 239 51
123 286 51
123 297 51
123 305 51
123 351 51
123 381 51
123 385 51
123 394 51
172 11 19
172 40 19
172 41 19
172 42 19
172 49 19
172 67 19
172 71 19
172 108 19
172 119 19
172 187 19
172 194 19
172 214 19
172 220 19
172 232 19
172 239 19
172 286 19
172 297 19
172 305 19
172 351 19
172 381 19
172 385 19
172 394 19
177 11 43
177 40 43
177 41 43
177 42 43
177 49 43
177 67 43
177 71 43
177 108 43
177 119 43
177 187 43
177 194 43
177 214 43
177 220 43
177 232 43
177 239 43
177 286 43
177 297 43
177 305 43
177 351 43
177 381 43
177 385 43
177 394 43
224 11 36
224 40 36
224 41 36
224 42 36
224 49 36
224 67 36
224 71 36
224 108 36
224 119 36
224 187 36
224 194 36
224 214 36
224 220 36
224 232 36
224 239 36
224 286 36
224 297 36
224 305 36
224 351 36
224 381 36
224 385 36
224 394 36
231 11 40
231 40 40
231 41 40
231 42 40
231 49 40
231 67 40
231 71 40
231 108 40
231 119 40
231 187 40
231 194 40
231 214 40
231 220 40
231 232 40
231 239 40
231 286 40
231 297 40
231 305 40
231 351 40
231 381 40
231 385 40
231 394 40
238 11 25
238 40 25
238 41 25
238 42 25
238 49 25
238 67 25
238 71 25
238 108 25
238 119 25
238 187 25
238 194 25
238 214 25
238 220 25
238 232 25
238 239 25
238 286 25
238 297 25
238 305 25
238 351 25
238 381 25
238 385 25
238 394 25
241 11 33
241 40 33
241 41 33
241 42 33
241 49 33
241 67 33
241 71 33
241 108 33
241 119 33
241 187 33
241 194 33
241 214 33
241 220 33
241 232 33
241 239 33
241 286 33
241 297 33
241 305 33
241 351 33
241 381 33
241 385 33
241 394 33
270 11 42
270 40 42
270 41 42
270 42 42
270 49 42
270 67 42
270 71 42
270 108 42
270 119 42
270 187 42
270 194 42
270 214 42
270 220 42
270 232 42
270 239 42
270 286 42
270 297 42
270 305 42
270 351 42
270 381 42
270 385 42
270 394 42
284 11 22
284 40 22
284 41 22
284 42 22
284 49 22
284 67 22
284 71 22
284 108 22
284 119 22
284 187 22
284 194 22
284 214 22
284 220 22
284 232 22
284 239 22
284 286 22
284 297 22
284 305 22
284 351 22
284 381 22
284 385 22
284 394 22
289 11 48
289 40 48
289 41 48
289 42 48
289 49 48
289 67 48
289 71 48
289 108 48
289 119 48
289 187 48
289 194 48
289 214 48
289 220 48
289 232 48
289 239 48
289 286 48
289 297 48
289 305 48
289 351 48
289 381 48
289 385 48
289 394 48
310 11 30
310 40 30
310 41 30
310 42 30
310 49 30
310 67 30
310 71 30
310 108 30
310 119 30
310 187 30
310 194 30
310 214 30
310 220 30
310 232 30
310 239 30
310 286 30
310 297 30
310 305 30
310 351 30
310 381 30
310 385 30
310 394 30
370 11 51
370 40 51
370 41 51
370 42 51
370 49 51
370 67 51
370 71 51
370 108 51
370 119 51
370 187 51
370 194 51
370 214 51
370 220 51
370 232 51
370 239 51
370 286 51
370 297 51
370 305 51
370 351 51
370 381 51
370 385 51
370 394 51
395 11 44
395 40 44
395 41 44
395 42 44
395 49 44
395 67 44
395 71 44
395 108 44
395 119 44
395 187 44
395 194 44
395 214 44
395 220 44
395 232 44
395 239 44
395 286 44
395 297 44
395 305 44
395 351 44
395 381 44
395 385 44
395 394 44
396 11 19
396 40 19
396 41 19
396 42 19
396 49 19
396 67 19
396 71 19
396 108 19
396 119 19
396 187 19
396 194 19
396 214 19
396 220 19
396 232 19
396 239 19
396 286 19
396 297 19
396 305 19
396 351 19
396 381 19
396 385 19
396 394 19
399 11 30
399 40 30
399 41 30
399 42 30
399 49 30
399 67 30
399 71 30
399 108 30
399 119 30
399 187 30
399 194 30
399 214 30
399 220 30
399 232 30
399 239 30
399 286 30
399 297 30
399 305 30
399 351 30
399 381 30
399 385 30
399 394 30
16 74 1
16 100 1
16 116 1
16 121 1
16 144 1
16 145 1
16 148 1
16 167 1
16 174 1
16 219 1
16 240 1
16 295 1
16 311 1
16 340 1
16 344 1
16 398 1
35 74 1
35 100 1
35 116 1
35 121 1
35 144 1
35 145 1
35 148 1
35 167 1
35 174 1
35 219 1
35 240 1
35 295 1
35 311 1
35 340 1
35 344 1
35 398 1
38 74 1
38 100 1
38 116 1
38 121 1
38 144 1
38 145 1
38 148 1
38 167 1
38 174 1
38 219 1
38 240 1
38 295 1
38 311 1
38 340 1
38 344 1
38 398 1
44 74 1
44 100 1
44 116 1
44 121 1
44 144 1
44 145 1
44 148 1
44 167 1
44 174 1
44 219 1
44 240 1
44 295 1
44 311 1
44 340 1
44 344 1
44 398 1
59 74 1
59 100 1
59 116 1
59 121 1
59 144 1
59 145 1
59 148 1
59 167 1
59 174 1
59 219 1
59 240 1
59 295 1
59 311 1
59 340 1
59 344 1
59 398 1
60 74 1
60 100 1
60 116 1
60 121 1
60 144 1
60 145 1
60 148 1
60 167 1
60 174 1
60 219 1
60 240 1
60 295 1
60 311 1
60 340 1
60 344 1
60 398 1
71 74 41
71 100 41
71 116 41
71 121 41
71 144 41
71 145 41
71 148 41
71 167 41
71 174 41
71 219 41
71 240 41
71 295 41
71 311 41
71 340 41
71 344 41
71 398 41
72 74 34
72 100 34
72 116 34
72 121 34
72 144 34
72 145 34
72 148 34
72 167 34
72 174 34
72 219 34
72 240 34
72 295 34
72 311 34
72 340 34
72 344 34
72 398 34
80 74 19
80 100 19
80 116 19
80 121 19
80 144 19
80 145 19
80 148 19
80 167 19
80 174 19
80 219 19
80 240 19
80 295 19
80 311 19
80 340 19
80 344 19
80 398 19
99 74 24
99 100 24
99 116 24
99 121 24
99 144 24
99 145 24
99 148 24
99 167 24
99 174 24
99 219 24
99 240 24
99 295 24
99 311 24
99 340 24
99 344 24
99 398 24
134 74 49
134 100 49
134 116 49
134 121 49
134 144 49
134 145 49
134 148 49
134 167 49
134 174 49
134 219 49
134 240 49
134 295 49
134 311 49
134 340 49
134 344 49
134 398 49
143 74 31
143 100 31
143 116 31
143 121 31
143 144 31
143 145 31
143 148 31
143 167 31
143 174 31
143 219 31
143 240 31
143 295 31
143 311 31
143 340 31
143 344 31
143 398 31
155 74 46
155 100 46
155 116 46
155 121 46
155 144 46
155 145 46
155 148 46
155 167 46
155 174 46
155 219 46
155 240 46
155 295 46
155 311 46
155 340 46
155 344 46
155 398 46
160 74 47
160 100 47
160 116 47
160 121 47
160 144 47
160 145 47
160 148 47
160 167 47
160 174 47
160 219 47
160 240 47
160 295 47
160 311 47
160 340 47
160 344 47
160 398 47
178 74 47
178 100 47
178 116 47
178 121 47
178 144 47
178 145 47
178 148 47
178 167 47
178 174 47
178 219 47
178 240 47
178 295 47
178 311 47
178 340 47
178 344 47
178 398 47
180 74 39
180 100 39
180 116 39
180 121 39
180 144 39
180 145 39
180 148 39
180 167 39
180 174 39
180 219 39
180 240 39
180 295 39
180 311 39
180 340 39
180 344 39
180 398 39
194 74 28
194 100 28
194 116 28
194 121 28
194 144 28
194 145 28
194 148 28
194 167 28
194 174 28
194 219 28
194 240 28
194 295 28
194 311 28
194 340 28
194 344 28
194 398 28
218 74 37
218 100 37
218 116 37
218 121 37
218 144 37
218 145 37
218 148 37
218 167 37
218 174 37
218 219 37
218 240 37
218 295 37
218 311 37
218 340 37
218 344 37
218 398 37
233 74 49
233 100 49
233 116 49
233 121 49
233 144 49
233 145 49
233 148 49
233 167 49
233 174 49
233 219 49
233 240 49
233 295 49
233 311 49
233 340 49
233 344 49
233 398 49
244 74 43
244 100 43
244 116 43
244 121 43
244 144 43
244 145 43
244 148 43
244 167 43
244 174 43
244 219 43
244 240 43
244 295 43
244 311 43
244 340 43
244 344 43
244 398 43
294 74 39
294 100 39
294 116 39
294 121 39
294 144 39
294 145 39
294 148 39
294 167 39
294 174 39
294 219 39
294 240 39
294 295 39
294 311 39
294 340 39
294 344 39
294 398 39
298 74 42
298 100 42
298 116 42
298 121 42
298 144 42
298 145 42
298 148 42
298 167 42
298 174 42
298 219 42
298 240 42
298 295 42
298 311 42
298 340 42
298 344 42
298 398 42
334 74 25
334 100 25
334 116 25
334 121 25
334 144 25
334 145 25
334 148 25
334 167 25
334 174 25
334 219 25
334 240 25
334 295 25
334 311 25
334 340 25
334 344 25
334 398 25
347 74 19
347 100 19
347 116 19
347 121 19
347 144 19
347 145 19
347 148 19
347 167 19
347 174 19
347 219 19
347 240 19
347 295 19
347 311 19
347 340 19
347 344 19
347 398 19
351 74 49
351 100 49
351 116 49
351 121 49
351 144 49
351 145 49
351 148 49
351 167 49
351 174 49
351 219 49
351 240 49
351 295 49
351 311 49
351 340 49
351 344 49
351 398 49
360 74 53
360 100 53
360 116 53
360 121 53
360 144 53
360 145 53
360 148 53
360 167 53
360 174 53
360 219 53
360 240 53
360 295 53
360 311 53
360 340 53
360 344 53
360 398 53
7 8 1
7 31 1
7 32 1
7 33 1
7 66 1
7 85 1
7 113 1
7 139 1
7 152 1
7 164 1
7 328 1
7 357 1
7 378 1
7 397 1
49 8 1
49 31 1
49 32 1
49 33 1
49 66 1
49 85 1
49 113 1
49 139 1
49 152 1
49 164 1
49 328 1
49 357 1
49 378 1
49 397 1
56 8 1
56 31 1
56 32 1
56 33 1
56 66 1
56 85 1
56 113 1
56 139 1
56 152 1
56 164 1
56 328 1
56 357 1
56 378 1
56 397 1
74 8 25
74 31 25
74 32 25
74 33 25
74 66 25
74 85 25
74 113 25
74 139 25
74 152 25
74 164 25
74 328 25
74 357 25
74 378 25
74 397 25
78 8 50
78 31 50
78 32 50
78 33 50
78 66 50
78 85 50
78 113 50
78 139 50
78 152 50
78 164 50
78 328 50
78 357 50
78 378 50
78 397 50
83 8 42
83 31 42
83 32 42
83 33 42
83 66 42
83 85 42
83 113 42
83 139 42
83 152 42
83 164 42
83 328 42
83 357 42
83 378 42
83 397 42
115 8 39
115 31 39
115 32 39
115 33 39
115 66 39
115 85 39
115 113 39
115 139 39
115 152 39
115 164 39
115 328 39
115 357 39
115 378 39
115 397 39
130 8 41
130 31 41
130 32 41
130 33 41
130 66 41
130 85 41
130 113 41
130 139 41
130 152 41
130 164 41
130 328 41
130 357 41
130 378 41
130 397 41
147 8 53
147 31 53
147 32 53
147 33 53
147 66 53
147 85 53
147 113 53
147 139 53
147 152 53
147 164 53
147 328 53
147 357 53
147 378 53
147 397 53
166 8 46
166 31 46
166 32 46
166 33 46
166 66 46
166 85 46
166 113 46
166 139 46
166 152 46
166 164 46
166 328 46
166 357 46
166 378 46
166 397 46
174 8 41
174 31 41
174 32 41
174 33 41
174 66 41
174 85 41
174 113 41
174 139 41
174 152 41
174 164 41
174 328 41
174 357 41
174 378 41
174 397 41
225 8 26
225 31 26
225 32 26
225 33 26
225 66 26
225 85 26
225 113 26
225 139 26
225 152 26
225 164 26
225 328 26
225 357 26
225 378 26
225 397 26
235 8 24
235 31 24
235 32 24
235 33 24
235 66 24
235 85 24
235 113 24
235 139 24
235 152 24
235 164 24
235 328 24
235 357 24
235 378 24
235 397 24
273 8 39
273 31 39
273 32 39
273 33 39
273 66 39
273 85 39
273 113 39
273 139 39
273 152 39
273 164 39
273 328 39
273 357 39
273 378 39
273 397 39
304 8 20
304 31 20
304 32 20
304 33 20
304 66 20
304 85 20
304 113 20
304 139 20
304 152 20
304 164 20
304 328 20
304 357 20
304 378 20
304 397 20
376 8 44
376 31 44
376 32 44
376 33 44
376 66 44
376 85 44
376 113 44
376 139 44
376 152 44
376 164 44
376 328 44
376 357 44
376 378 44
376 397 44
389 8 19
389 31 19
389 32 19
389 33 19
389 66 19
389 85 19
389 113 19
389 139 19
389 152 19
389 164 19
389 328 19
389 357 19
389 378 19
389 397 19
20 62 1
20 70 1
20 86 1
20 87 1
20 129 1
20 151 1
20 160 1
20 178 1
20 192 1
20 207 1
20 212 1
20 216 1
20 217 1
20 222 1
20 226 1
20 243 1
20 283 1
20 285 1
20 292 1
20 307 1
20 347 1
20 353 1
20 369 1
20 371 1
20 399 1
23 62 1
23 70 1
23 86 1
23 87 1
23 129 1
23 151 1
23 160 1
23 178 1
23 192 1
23 207 1
23 212 1
23 216 1
23 217 1
23 222 1
23 226 1
23 243 1
23 283 1
23 285 1
23 292 1
23 307 1
23 347 1
23 353 1
23 369 1
23 371 1
23 399 1
28 62 1
28 70 1
28 86 1
28 87 1
28 129 1
28 151 1
28 160 1
28 178 1
28 192 1
28 207 1
28 212 1
28 216 1
28 217 1
28 222 1
28 226 1
28 243 1
28 283 1
28 285 1
28 292 1
28 307 1
28 347 1
28 353 1
28 369 1
28 371 1
28 399 1
31 62 1
31 70 1
31 86 1
31 87 1
31 129 1
31 151 1
31 160 1
31 178 1
31 192 1
31 207 1
31 212 1
31 216 1
31 217 1
31 222 1
31 226 1
31 243 1
31 283 1
31 285 1
31 292 1
31 307 1
31 347 1
31 353 1
31 369 1
31 371 1
31 399 1
42 62 1
42 70 1
42 86 1
42 87 1
42 129 1
42 151 1
42 160 1
42 178 1
42 192 1
42 207 1
42 212 1
42 216 1
42 217 1
42 222 1
42 226 1
42 243 1
42 283 1
42 285 1
42 292 1
42 307 1
42 347 1
42 353 1
42 369 1
42 371 1
42 399 1
48 62 1
48 70 1
48 86 1
48 87 1
48 129 1
48 151 1
48 160 1
48 178 1
48 192 1
48 207 1
48 212 1
48 216 1
48 217 1
48 222 1
48 226 1
48 243 1
48 283 1
48 285 1
48 292 1
48 307 1
48 347 1
48 353 1
48 369 1
48 371 1
48 399 1
58 62 1
58 70 1
58 86 1
58 87 1
58 129 1
58 151 1
58 160 1
58 178 1
58 192 1
58 207 1
58 212 1
58 216 1
58 217 1
58 222 1
58 226 1
58 243 1
58 283 1
58 285 1
58 292 1
58 307 1
58 347 1
58 353 1
58 369 1
58 371 1
58 399 1
81 62 24
81 70 24
81 86 24
81 87 24
81 129 24
81 151 24
81 160 24
81 178 24
81 192 24
81 207 24
81 212 24
81 216 24
81 217 24
81 222 24
81 226 24
81 243 24
81 283 24
81 285 24
81 292 24
81 307 24
81 347 24
81 353 24
81 369 24
81 371 24
81 399 24
109 62 21
109 70 21
109 86 21
109 87 21
109 129 21
109 151 21
109 160 21
109 178 21
109 192 21
109 207 21
109 212 21
109 216 21
109 217 21
109 222 21
109 226 21
109 243 21
109 283 21
109 285 21
109 292 21
109 307 21
109 347 21
109 353 21
109 369 21
109 371 21
109 399 21
111 62 26
111 70 26
111 86 26
111 87 26
111 129 26
111 151 26
111 160 26
111 178 26
111 192 26
111 207 26
111 212 26
111 216 26
111 217 26
111 222 26
111 226 26
111 243 26
111 283 26
111 285 26
111 292 26
111 307 26
111 347 26
111 353 26
111 369 26
111 371 26
111 399 26
114 62 40
114 70 40
114 86 40
114 87 40
114 129 40
114 151 40
114 160 40
114 178 40
114 192 40
114 207 40
114 212 40
114 216 40
114 217 40
114 222 40
114 226 40
114 243 40
114 283 40
114 285 40
114 292 40
114 307 40
114 347 40
114 353 40
114 369 40
114 371 40
114 399 40
116 62 48
116 70 48
116 86 48
116 87 48
116 129 48
116 151 48
116 160 48
116 178 48
116 192 48
116 207 48
116 212 48
116 216 48
116 217 48
116 222 48
116 226 48
116 243 48
116 283 48
116 285 48
116 292 48
116 307 48
116 347 48
116 353 48
116 369 48
116 371 48
116 399 48
128 62 29
128 70 29
128 86 29
128 87 29
128 129 29
128 151 29
128 160 29
128 178 29
128 192 29
128 207 29
128 212 29
128 216 29
128 217 29
128 222 29
128 226 29
128 243 29
128 283 29
128 285 29
128 292 29
128 307 29
128 347 29
128 353 29
128 369 29
128 371 29
128 399 29
140 62 42
140 70 42
140 86 42
140 87 42
140 129 42
140 151 42
140 160 42
140 178 42
140 192 42
140 207 42
140 212 42
140 216 42
140 217 42
140 222 42
140 226 42
140 243 42
140 283 42
140 285 42
140 292 42
140 307 42
140 347 42
140 353 42
140 369 42
140 371 42
140 399 42
150 62 37
150 70 37
150 86 37
150 87 37
150 129 37
150 151 37
150 160 37
150 178 37
150 192 37
150 207 37
150 212 37
150 216 37
150 217 37
150 222 37
150 226 37
150 243 37
150 283 37
150 285 37
150 292 37
150 307 37
150 347 37
150 353 37
150 369 37
150 371 37
150 399 37
211 62 44
211 70 44
211 86 44
211 87 44
211 129 44
211 151 44
211 160 44
211 178 44
211 192 44
211 207 44
211 212 44
211 216 44
211 217 44
211 222 44
211 226 44
211 243 44
211 283 44
211 285 44
211 292 44
211 307 44
211 347 44
211 353 44
211 369 44
211 371 44
211 399 44
251 62 21
251 70 21
251 86 21
251 87 21
251 129 21
251 151 21
251 160 21
251 178 21
251 192 21
251 207 21
251 212 21
251 216 21
251 217 21
251 222 21
251 226 21
251 243 21
251 283 21
251 285 21
251 292 21
251 307 21
251 347 21
251 353 21
251 369 21
251 371 21
251 399 21
271 62 42
271 70 42
271 86 42
271 87 42
271 129 42
271 151 42
271 160 42
271 178 42
271 192 42
271 207 42
271 212 42
271 216 42
271 217 42
271 222 42
271 226 42
271 243 42
271 283 42
271 285 42
271 292 42
271 307 42
271 347 42
271 353 42
271 369 42
271 371 42
271 399 42
278 62 30
278 70 30
278 86 30
278 87 30
278 129 30
278 151 30
278 160 30
278 178 30
278 192 30
278 207 30
278 212 30
278 216 30
278 217 30
278 222 30
278 226 30
278 243 30
278 283 30
278 285 30
278 292 30
278 307 30
278 347 30
278 353 30
278 369 30
278 371 30
278 399 30
308 62 53
308 70 53
308 86 53
308 87 53
308 129 53
308 151 53
308 160 53
308 178 53
308 192 53
308 207 53
308 212 53
308 216 53
308 217 53
308 222 53
308 226 53
308 243 53
308 283 53
308 285 53
308 292 53
308 307 53
308 347 53
308 353 53
308 369 53
308 371 53
308 399 53
335 62 37
335 70 37
335 86 37
335 87 37
335 129 37
335 151 37
335 160 37
335 178 37
335 192 37
335 207 37
335 212 37
335 216 37
335 217 37
335 222 37
335 226 37
335 243 37
335 283 37
335 285 37
335 292 37
335 307 37
335 347 37
335 353 37
335 369 37
335 371 37
335 399 37
336 62 30
336 70 30
336 86 30
336 87 30
336 129 30
336 151 30
336 160 30
336 178 30
336 192 30
336 207 30
336 212 30
336 216 30
336 217 30
336 222 30
336 226 30
336 243 30
336 283 30
336 285 30
336 292 30
336 307 30
336 347 30
336 353 30
336 369 30
336 371 30
336 399 30
3 4 1
3 19 1
3 20 1
3 21 1
3 132 1
3 162 1
3 175 1
3 247 1
3 257 1
3 264 1
3 271 1
3 308 1
3 367 1
3 373 1
3 390 1
3 391 1
3 400 1
54 4 1
54 19 1
54 20 1
54 21 1
54 132 1
54 162 1
54 175 1
54 247 1
54 257 1
54 264 1
54 271 1
54 308 1
54 367 1
54 373 1
54 390 1
54 391 1
54 400 1
103 4 53
103 19 53
103 20 53
103 21 53
103 132 53
103 162 53
103 175 53
103 247 53
103 257 53
103 264 53
103 271 53
103 308 53
103 367 53
103 373 53
103 390 53
103 391 53
103 400 53
137 4 25
137 19 25
137 20 25
137 21 25
137 132 25
137 162 25
137 175 25
137 247 25
137 257 25
137 264 25
137 271 25
137 308 25
137 367 25
137 373 25
137 390 25
137 391 25
137 400 25
159 4 51
159 19 51
159 20 51
159 21 51
159 132 51
159 162 51
159 175 51
159 247 51
159 257 51
159 264 51
159 271 51
159 308 51
159 367 51
159 373 51
159 390 51
159 391 51
159 400 51
215 4 47
215 19 47
215 20 47
215 21 47
215 132 47
215 162 47
215 175 47
215 247 47
215 257 47
215 264 47
215 271 47
215 308 47
215 367 47
215 373 47
215 390 47
215 391 47
215 400 47
222 4 46
222 19 46
222 20 46
222 21 46
222 132 46
222 162 46
222 175 46
222 247 46
222 257 46
222 264 46
222 271 46
222 308 46
222 367 46
222 373 46
222 390 46
222 391 46
222 400 46
227 4 52
227 19 52
227 20 52
227 21 52
227 132 52
227 162 52
227 175 52
227 247 52
227 257 52
227 264 52
227 271 52
227 308 52
227 367 52
227 373 52
227 390 52
227 391 52
227 400 52
274 4 25
274 19 25
274 20 25
274 21 25
274 132 25
274 162 25
274 175 25
274 247 25
274 257 25
274 264 25
274 271 25
274 308 25
274 367 25
274 373 25
274 390 25
274 391 25
274 400 25
312 4 48
312 19 48
312 20 48
312 21 48
312 132 48
312 162 48
312 175 48
312 247 48
312 257 48
312 264 48
312 271 48
312 308 48
312 367 48
312 373 48
312 390 48
312 391 48
312 400 48
338 4 35
338 19 35
338 20 35
338 21 35
338 132 35
338 162 35
338 175 35
338 247 35
338 257 35
338 264 35
338 271 35
338 308 35
338 367 35
338 373 35
338 390 35
338 391 35
338 400 35
355 4 49
355 19 49
355 20 49
355 21 49
355 132 49
355 162 49
355 175 49
355 247 49
355 257 49
355 264 49
355 271 49
355 308 49
355 367 49
355 373 49
355 390 49
355 391 49
355 400 49
358 4 41
358 19 41
358 20 41
358 21 41
358 132 41
358 162 41
358 175 41
358 247 41
358 257 41
358 264 41
358 271 41
358 308 41
358 367 41
358 373 41
358 390 41
358 391 41
358 400 41
365 4 51
365 19 51
365 20 51
365 21 51
365 132 51
365 162 51
365 175 51
365 247 51
365 257 51
365 264 51
365 271 51
365 308 51
365 367 51
365 373 51
365 390 51
365 391 51
365 400 51
369 4 32
369 19 32
369 20 32
369 21 32
369 132 32
369 162 32
369 175 32
369 247 32
369 257 32
369 264 32
369 271 32
369 308 32
369 367 32
369 373 32
369 390 32
369 391 32
369 400 32
385 4 43
385 19 43
385 20 43
385 21 43
385 132 43
385 162 43
385 175 43
385 247 43
385 257 43
385 264 43
385 271 43
385 308 43
385 367 43
385 373 43
385 390 43
385 391 43
385 400 43
401 4 48
401 19 48
401 20 48
401 21 48
401 132 48
401 162 48
401 175 48
401 247 48
401 257 48
401 264 48
401 271 48
401 308 48
401 367 48
401 373 48
401 390 48
401 391 48
401 400 48
6 7 1
6 28 1
6 29 1
6 30 1
6 64 1
6 91 1
6 93 1
6 94 1
6 98 1
6 114 1
6 138 1
6 172 1
6 198 1
6 215 1
6 241 1
6 245 1
6 261 1
6 262 1
6 296 1
6 303 1
6 319 1
6 322 1
6 339 1
6 341 1
6 346 1
6 348 1
6 388 1
76 7 31
76 28 31
76 29 31
76 30 31
76 64 31
76 91 31
76 93 31
76 94 31
76 98 31
76 114 31
76 138 31
76 172 31
76 198 31
76 215 31
76 241 31
76 245 31
76 261 31
76 262 31
76 296 31
76 303 31
76 319 31
76 322 31
76 339 31
76 341 31
76 346 31
76 348 31
76 388 31
85 7 25
85 28 25
85 29 25
85 30 25
85 64 25
85 91 25
85 93 25
85 94 25
85 98 25
85 114 25
85 138 25
85 172 25
85 198 25
85 215 25
85 241 25
85 245 25
85 261 25
85 262 25
85 296 25
85 303 25
85 319 25
85 322 25
85 339 25
85 341 25
85 346 25
85 348 25
85 388 25
88 7 27
88 28 27
88 29 27
88 30 27
88 64 27
88 91 27
88 93 27
88 94 27
88 98 27
88 114 27
88 138 27
88 172 27
88 198 27
88 215 27
88 241 27
88 245 27
88 261 27
88 262 27
88 296 27
88 303 27
88 319 27
88 322 27
88 339 27
88 341 27
88 346 27
88 348 27
88 388 27
102 7 49
102 28 49
102 29 49
102 30 49
102 64 49
102 91 49
102 93 49
102 94 49
102 98 49
102 114 49
102 138 49
102 172 49
102 198 49
102 215 49
102 241 49
102 245 49
102 261 49
102 262 49
102 296 49
102 303 49
102 319 49
102 322 49
102 339 49
102 341 49
102 346 49
102 348 49
102 388 49
106 7 35
106 28 35
106 29 35
106 30 35
106 64 35
106 91 35
106 93 35
106 94 35
106 98 35
106 114 35
106 138 35
106 172 35
106 198 35
106 215 35
106 241 35
106 245 35
106 261 35
106 262 35
106 296 35
106 303 35
106 319 35
106 322 35
106 339 35
106 341 35
106 346 35
106 348 35
106 388 35
153 7 27
153 28 27
153 29 27
153 30 27
153 64 27
153 91 27
153 93 27
153 94 27
153 98 27
153 114 27
153 138 27
153 172 27
153 198 27
153 215 27
153 241 27
153 245 27
153 261 27
153 262 27
153 296 27
153 303 27
153 319 27
153 322 27
153 339 27
153 341 27
153 346 27
153 348 27
153 388 27
183 7 48
183 28 48
183 29 48
183 30 48
183 64 48
183 91 48
183 93 48
183 94 48
183 98 48
183 114 48
183 138 48
183 172 48
183 198 48
183 215 48
183 241 48
183 245 48
183 261 48
183 262 48
183 296 48
183 303 48
183 319 48
183 322 48
183 339 48
183 341 48
183 346 48
183 348 48
183 388 48
213 7 35
213 28 35
213 29 35
213 30 35
213 64 35
213 91 35
213 93 35
213 94 35
213 98 35
213 114 35
213 138 35
213 172 35
213 198 35
213 215 35
213 241 35
213 245 35
213 261 35
213 262 35
213 296 35
213 303 35
213 319 35
213 322 35
213 339 35
213 341 35
213 346 35
213 348 35
213 388 35
217 7 50
217 28 50
217 29 50
217 30 50
217 64 50
217 91 50
217 93 50
217 94 50
217 98 50
217 114 50
217 138 50
217 172 50
217 198 50
217 215 50
217 241 50
217 245 50
217 261 50
217 262 50
217 296 50
217 303 50
217 319 50
217 322 50
217 339 50
217 341 50
217 346 50
217 348 50
217 388 50
264 7 41
264 28 41
264 29 41
264 30 41
264 64 41
264 91 41
264 93 41
264 94 41
264 98 41
264 114 41
264 138 41
264 172 41
264 198 41
264 215 41
264 241 41
264 245 41
264 261 41
264 262 41
264 296 41
264 303 41
264 319 41
264 322 41
264 339 41
264 341 41
264 346 41
264 348 41
264 388 41
287 7 42
287 28 42
287 29 42
287 30 42
287 64 42
287 91 42
287 93 42
287 94 42
287 98 42
287 114 42
287 138 42
287 172 42
287 198 42
287 215 42
287 241 42
287 245 42
287 261 42
287 262 42
287 296 42
287 303 42
287 319 42
287 322 42
287 339 42
287 341 42
287 346 42
287 348 42
287 388 42
288 7 34
288 28 34
288 29 34
288 30 34
288 64 34
288 91 34
288 93 34
288 94 34
288 98 34
288 114 34
288 138 34
288 172 34
288 198 34
288 215 34
288 241 34
288 245 34
288 261 34
288 262 34
288 296 34
288 303 34
288 319 34
288 322 34
288 339 34
288 341 34
288 346 34
288 348 34
288 388 34
317 7 30
317 28 30
317 29 30
317 30 30
317 64 30
317 91 30
317 93 30
317 94 30
317 98 30
317 114 30
317 138 30
317 172 30
317 198 30
317 215 30
317 241 30
317 245 30
317 261 30
317 262 30
317 296 30
317 303 30
317 319 30
317 322 30
317 339 30
317 341 30
317 346 30
317 348 30
317 388 30
327 7 20
327 28 20
327 29 20
327 30 20
327 64 20
327 91 20
327 93 20
327 94 20
327 98 20
327 114 20
327 138 20
327 172 20
327 198 20
327 215 20
327 241 20
327 245 20
327 261 20
327 262 20
327 296 20
327 303 20
327 319 20
327 322 20
327 339 20
327 341 20
327 346 20
327 348 20
327 388 20
357 7 46
357 28 46
357 29 46
357 30 46
357 64 46
357 91 46
357 93 46
357 94 46
357 98 46
357 114 46
357 138 46
357 172 46
357 198 46
357 215 46
357 241 46
357 245 46
357 261 46
357 262 46
357 296 46
357 303 46
357 319 46
357 322 46
357 339 46
357 341 46
357 346 46
357 348 46
357 388 46
384 7 33
384 28 33
384 29 33
384 30 33
384 64 33
384 91 33
384 93 33
384 94 33
384 98 33
384 114 33
384 138 33
384 172 33
384 198 33
384 215 33
384 241 33
384 245 33
384 261 33
384 262 33
384 296 33
384 303 33
384 319 33
384 322 33
384 339 33
384 341 33
384 346 33
384 348 33
384 388 33
4 5 1
4 22 1
4 23 1
4 24 1
4 68 1
4 76 1
4 104 1
4 117 1
4 120 1
4 126 1
4 169 1
4 190 1
4 208 1
4 213 1
4 225 1
4 244 1
4 250 1
4 254 1
4 268 1
4 272 1
4 276 1
4 294 1
4 298 1
4 301 1
4 352 1
4 360 1
4 380 1
4 387 1
55 5 1
55 22 1
55 23 1
55 24 1
55 68 1
55 76 1
55 104 1
55 117 1
55 120 1
55 126 1
55 169 1
55 190 1
55 208 1
55 213 1
55 225 1
55 244 1
55 250 1
55 254 1
55 268 1
55 272 1
55 276 1
55 294 1
55 298 1
55 301 1
55 352 1
55 360 1
55 380 1
55 387 1
113 5 22
113 22 22
113 23 22
113 24 22
113 68 22
113 76 22
113 104 22
113 117 22
113 120 22
113 126 22
113 169 22
113 190 22
113 208 22
113 213 22
113 225 22
113 244 22
113 250 22
113 254 22
113 268 22
113 272 22
113 276 22
113 294 22
113 298 22
113 301 22
113 352 22
113 360 22
113 380 22
113 387 22
131 5 45
131 22 45
131 23 45
131 24 45
131 68 45
131 76 45
131 104 45
131 117 45
131 120 45
131 126 45
131 169 45
131 190 45
131 208 45
131 213 45
131 225 45
131 244 45
131 250 45
131 254 45
131 268 45
131 272 45
131 276 45
131 294 45
131 298 45
131 301 45
131 352 45
131 360 45
131 380 45
131 387 45
161 5 44
161 22 44
161 23 44
161 24 44
161 68 44
161 76 44
161 104 44
161 117 44
161 120 44
161 126 44
161 169 44
161 190 44
161 208 44
161 213 44
161 225 44
161 244 44
161 250 44
161 254 44
161 268 44
161 272 44
161 276 44
161 294 44
161 298 44
161 301 44
161 352 44
161 360 44
161 380 44
161 387 44
181 5 37
181 22 37
181 23 37
181 24 37
181 68 37
181 76 37
181 104 37
181 117 37
181 120 37
181 126 37
181 169 37
181 190 37
181 208 37
181 213 37
181 225 37
181 244 37
181 250 37
181 254 37
181 268 37
181 272 37
181 276 37
181 294 37
181 298 37
181 301 37
181 352 37
181 360 37
181 380 37
181 387 37
214 5 40
214 22 40
214 23 40
214 24 40
214 68 40
214 76 40
214 104 40
214 117 40
214 120 40
214 126 40
214 169 40
214 190 40
214 208 40
214 213 40
214 225 40
214 244 40
214 250 40
214 254 40
214 268 40
214 272 40
214 276 40
214 294 40
214 298 40
214 301 40
214 352 40
214 360 40
214 380 40
214 387 40
232 5 46
232 22 46
232 23 46
232 24 46
232 68 46
232 76 46
232 104 46
232 117 46
232 120 46
232 126 46
232 169 46
232 190 46
232 208 46
232 213 46
232 225 46
232 244 46
232 250 46
232 254 46
232 268 46
232 272 46
232 276 46
232 294 46
232 298 46
232 301 46
232 352 46
232 360 46
232 380 46
232 387 46
252 5 48
252 22 48
252 23 48
252 24 48
252 68 48
252 76 48
252 104 48
252 117 48
252 120 48
252 126 48
252 169 48
252 190 48
252 208 48
252 213 48
252 225 48
252 244 48
252 250 48
252 254 48
252 268 48
252 272 48
252 276 48
252 294 48
252 298 48
252 301 48
252 352 48
252 360 48
252 380 48
252 387 48
263 5 19
263 22 19
263 23 19
263 24 19
263 68 19
263 76 19
263 104 19
263 117 19
263 120 19
263 126 19
263 169 19
263 190 19
263 208 19
263 213 19
263 225 19
263 244 19
263 250 19
263 254 19
263 268 19
263 272 19
263 276 19
263 294 19
263 298 19
263 301 19
263 352 19
263 360 19
263 380 19
263 387 19
269 5 53
269 22 53
269 23 53
269 24 53
269 68 53
269 76 53
269 104 53
269 117 53
269 120 53
269 126 53
269 169 53
269 190 53
269 208 53
269 213 53
269 225 53
269 244 53
269 250 53
269 254 53
269 268 53
269 272 53
269 276 53
269 294 53
269 298 53
269 301 53
269 352 53
269 360 53
269 380 53
269 387 53
281 5 24
281 22 24
281 23 24
281 24 24
281 68 24
281 76 24
281 104 24
281 117 24
281 120 24
281 126 24
281 169 24
281 190 24
281 208 24
281 213 24
281 225 24
281 244 24
281 250 24
281 254 24
281 268 24
281 272 24
281 276 24
281 294 24
281 298 24
281 301 24
281 352 24
281 360 24
281 380 24
281 387 24
291 5 21
291 22 21
291 23 21
291 24 21
291 68 21
291 76 21
291 104 21
291 117 21
291 120 21
291 126 21
291 169 21
291 190 21
291 208 21
291 213 21
291 225 21
291 244 21
291 250 21
291 254 21
291 268 21
291 272 21
291 276 21
291 294 21
291 298 21
291 301 21
291 352 21
291 360 21
291 380 21
291 387 21
295 5 52
295 22 52
295 23 52
295 24 52
295 68 52
295 76 52
295 104 52
295 117 52
295 120 52
295 126 52
295 169 52
295 190 52
295 208 52
295 213 52
295 225 52
295 244 52
295 250 52
295 254 52
295 268 52
295 272 52
295 276 52
295 294 52
295 298 52
295 301 52
295 352 52
295 360 52
295 380 52
295 387 52
326 5 43
326 22 43
326 23 43
326 24 43
326 68 43
326 76 43
326 104 43
326 117 43
326 120 43
326 126 43
326 169 43
326 190 43
326 208 43
326 213 43
326 225 43
326 244 43
326 250 43
326 254 43
326 268 43
326 272 43
326 276 43
326 294 43
326 298 43
326 301 43
326 352 43
326 360 43
326 380 43
326 387 43
348 5 24
348 22 24
348 23 24
348 24 24
348 68 24
348 76 24
348 104 24
348 117 24
348 120 24
348 126 24
348 169 24
348 190 24
348 208 24
348 213 24
348 225 24
348 244 24
348 250 24
348 254 24
348 268 24
348 272 24
348 276 24
348 294 24
348 298 24
348 301 24
348 352 24
348 360 24
348 380 24
348 387 24
354 5 33
354 22 33
354 23 33
354 24 33
354 68 33
354 76 33
354 104 33
354 117 33
354 120 33
354 126 33
354 169 33
354 190 33
354 208 33
354 213 33
354 225 33
354 244 33
354 250 33
354 254 33
354 268 33
354 272 33
354 276 33
354 294 33
354 298 33
354 301 33
354 352 33
354 360 33
354 380 33
354 387 33
378 5 36
378 22 36
378 23 36
378 24 36
378 68 36
378 76 36
378 104 36
378 117 36
378 120 36
378 126 36
378 169 36
378 190 36
378 208 36
378 213 36
378 225 36
378 244 36
378 250 36
378 254 36
378 268 36
378 272 36
378 276 36
378 294 36
378 298 36
378 301 36
378 352 36
378 360 36
378 380 36
378 387 36
390 5 50
390 22 50
390 23 50
390 24 50
390 68 50
390 76 50
390 104 50
390 117 50
390 120 50
390 126 50
390 169 50
390 190 50
390 208 50
390 213 50
390 225 50
390 244 50
390 250 50
390 254 50
390 268 50
390 272 50
390 276 50
390 294 50
390 298 50
390 301 50
390 352 50
390 360 50
390 380 50
390 387 50
22 58 1
22 59 1
22 95 1
22 107 1
22 140 1
22 143 1
22 146 1
22 150 1
22 163 1
22 183 1
22 204 1
22 236 1
22 237 1
22 253 1
22 255 1
22 270 1
22 309 1
22 315 1
22 324 1
22 334 1
22 337 1
27 58 1
27 59 1
27 95 1
27 107 1
27 140 1
27 143 1
27 146 1
27 150 1
27 163 1
27 183 1
27 204 1
27 236 1
27 237 1
27 253 1
27 255 1
27 270 1
27 309 1
27 315 1
27 324 1
27 334 1
27 337 1
32 58 1
32 59 1
32 95 1
32 107 1
32 140 1
32 143 1
32 146 1
32 150 1
32 163 1
32 183 1
32 204 1
32 236 1
32 237 1
32 253 1
32 255 1
32 270 1
32 309 1
32 315 1
32 324 1
32 334 1
32 337 1
34 58 1
34 59 1
34 95 1
34 107 1
34 140 1
34 143 1
34 146 1
34 150 1
34 163 1
34 183 1
34 204 1
34 236 1
34 237 1
34 253 1
34 255 1
34 270 1
34 309 1
34 315 1
34 324 1
34 334 1
34 337 1
61 58 1
61 59 1
61 95 1
61 107 1
61 140 1
61 143 1
61 146 1
61 150 1
61 163 1
61 183 1
61 204 1
61 236 1
61 237 1
61 253 1
61 255 1
61 270 1
61 309 1
61 315 1
61 324 1
61 334 1
61 337 1
68 58 19
68 59 19
68 95 19
68 107 19
68 140 19
68 143 19
68 146 19
68 150 19
68 163 19
68 183 19
68 204 19
68 236 19
68 237 19
68 253 19
68 255 19
68 270 19
68 309 19
68 315 19
68 324 19
68 334 19
68 337 19
98 58 35
98 59 35
98 95 35
98 107 35
98 140 35
98 143 35
98 146 35
98 150 35
98 163 35
98 183 35
98 204 35
98 236 35
98 237 35
98 253 35
98 255 35
98 270 35
98 309 35
98 315 35
98 324 35
98 334 35
98 337 35
101 58 27
101 59 27
101 95 27
101 107 27
101 140 27
101 143 27
101 146 27
101 150 27
101 163 27
101 183 27
101 204 27
101 236 27
101 237 27
101 253 27
101 255 27
101 270 27
101 309 27
101 315 27
101 324 27
101 334 27
101 337 27
151 58 47
151 59 47
151 95 47
151 107 47
151 140 47
151 143 47
151 146 47
151 150 47
151 163 47
151 183 47
151 204 47
151 236 47
151 237 47
151 253 47
151 255 47
151 270 47
151 309 47
151 315 47
151 324 47
151 334 47
151 337 47
152 58 35
152 59 35
152 95 35
152 107 35
152 140 35
152 143 35
152 146 35
152 150 35
152 163 35
152 183 35
152 204 35
152 236 35
152 237 35
152 253 35
152 255 35
152 270 35
152 309 35
152 315 35
152 324 35
152 334 35
152 337 35
179 58 46
179 59 46
179 95 46
179 107 46
179 140 46
179 143 46
179 146 46
179 150 46
179 163 46
179 183 46
179 204 46
179 236 46
179 237 46
179 253 46
179 255 46
179 270 46
179 309 46
179 315 46
179 324 46
179 334 46
179 337 46
196 58 51
196 59 51
196 95 51
196 107 51
196 140 51
196 143 51
196 146 51
196 150 51
196 163 51
196 183 51
196 204 51
196 236 51
196 237 51
196 253 51
196 255 51
196 270 51
196 309 51
196 315 51
196 324 51
196 334 51
196 337 51
208 58 26
208 59 26
208 95 26
208 107 26
208 140 26
208 143 26
208 146 26
208 150 26
208 163 26
208 183 26
208 204 26
208 236 26
208 237 26
208 253 26
208 255 26
208 270 26
208 309 26
208 315 26
208 324 26
208 334 26
208 337 26
228 58 44
228 59 44
228 95 44
228 107 44
228 140 44
228 143 44
228 146 44
228 150 44
228 163 44
228 183 44
228 204 44
228 236 44
228 237 44
228 253 44
228 255 44
228 270 44
228 309 44
228 315 44
228 324 44
228 334 44
228 337 44
258 58 35
258 59 35
258 95 35
258 107 35
258 140 35
258 143 35
258 146 35
258 150 35
258 163 35
258 183 35
258 204 35
258 236 35
258 237 35
258 253 35
258 255 35
258 270 35
258 309 35
258 315 35
258 324 35
258 334 35
258 337 35
259 58 39
259 59 39
259 95 39
259 107 39
259 140 39
259 143 39
259 146 39
259 150 39
259 163 39
259 183 39
259 204 39
259 236 39
259 237 39
259 253 39
259 255 39
259 270 39
259 309 39
259 315 39
259 324 39
259 334 39
259 337 39
290 58 31
290 59 31
290 95 31
290 107 31
290 140 31
290 143 31
290 146 31
290 150 31
290 163 31
290 183 31
290 204 31
290 236 31
290 237 31
290 253 31
290 255 31
290 270 31
290 309 31
290 315 31
290 324 31
290 334 31
290 337 31
299 58 46
299 59 46
299 95 46
299 107 46
299 140 46
299 143 46
299 146 46
299 150 46
299 163 46
299 183 46
299 204 46
299 236 46
299 237 46
299 253 46
299 255 46
299 270 46
299 309 46
299 315 46
299 324 46
299 334 46
299 337 46
307 58 53
307 59 53
307 95 53
307 107 53
307 140 53
307 143 53
307 146 53
307 150 53
307 163 53
307 183 53
307 204 53
307 236 53
307 237 53
307 253 53
307 255 53
307 270 53
307 309 53
307 315 53
307 324 53
307 334 53
307 337 53
325 58 32
325 59 32
325 95 32
325 107 32
325 140 32
325 143 32
325 146 32
325 150 32
325 163 32
325 183 32
325 204 32
325 236 32
325 237 32
325 253 32
325 255 32
325 270 32
325 309 32
325 315 32
325 324 32
325 334 32
325 337 32
329 58 50
329 59 50
329 95 50
329 107 50
329 140 50
329 143 50
329 146 50
329 150 50
329 163 50
329 183 50
329 204 50
329 236 50
329 237 50
329 253 50
329 255 50
329 270 50
329 309 50
329 315 50
329 324 50
329 334 50
329 337 50
368 58 21
368 59 21
368 95 21
368 107 21
368 140 21
368 143 21
368 146 21
368 150 21
368 163 21
368 183 21
368 204 21
368 236 21
368 237 21
368 253 21
368 255 21
368 270 21
368 309 21
368 315 21
368 324 21
368 334 21
368 337 21
381 58 51
381 59 51
381 95 51
381 107 51
381 140 51
381 143 51
381 146 51
381 150 51
381 163 51
381 183 51
381 204 51
381 236 51
381 237 51
381 253 51
381 255 51
381 270 51
381 309 51
381 315 51
381 324 51
381 334 51
381 337 51
400 58 26
400 59 26
400 95 26
400 107 26
400 140 26
400 143 26
400 146 26
400 150 26
400 163 26
400 183 26
400 204 26
400 236 26
400 237 26
400 253 26
400 255 26
400 270 26
400 309 26
400 315 26
400 324 26
400 334 26
400 337 26
8 9 1
8 34 1
8 35 1
8 36 1
8 82 1
8 133 1
8 158 1
8 188 1
8 191 1
8 221 1
8 227 1
8 234 1
8 279 1
8 302 1
8 313 1
8 323 1
8 345 1
8 368 1
8 374 1
8 376 1
108 9 41
108 34 41
108 35 41
108 36 41
108 82 41
108 133 41
108 158 41
108 188 41
108 191 41
108 221 41
108 227 41
108 234 41
108 279 41
108 302 41
108 313 41
108 323 41
108 345 41
108 368 41
108 374 41
108 376 41
122 9 44
122 34 44
122 35 44
122 36 44
122 82 44
122 133 44
122 158 44
122 188 44
122 191 44
122 221 44
122 227 44
122 234 44
122 279 44
122 302 44
122 313 44
122 323 44
122 345 44
122 368 44
122 374 44
122 376 44
154 9 31
154 34 31
154 35 31
154 36 31
154 82 31
154 133 31
154 158 31
154 188 31
154 191 31
154 221 31
154 227 31
154 234 31
154 279 31
154 302 31
154 313 31
154 323 31
154 345 31
154 368 31
154 374 31
154 376 31
156 9 40
156 34 40
156 35 40
156 36 40
156 82 40
156 133 40
156 158 40
156 188 40
156 191 40
156 221 40
156 227 40
156 234 40
156 279 40
156 302 40
156 313 40
156 323 40
156 345 40
156 368 40
156 374 40
156 376 40
187 9 32
187 34 32
187 35 32
187 36 32
187 82 32
187 133 32
187 158 32
187 188 32
187 191 32
187 221 32
187 227 32
187 234 32
187 279 32
187 302 32
187 313 32
187 323 32
187 345 32
187 368 32
187 374 32
187 376 32
200 9 27
200 34 27
200 35 27
200 36 27
200 82 27
200 133 27
200 158 27
200 188 27
200 191 27
200 221 27
200 227 27
200 234 27
200 279 27
200 302 27
200 313 27
200 323 27
200 345 27
200 368 27
200 374 27
200 376 27
202 9 39
202 34 39
202 35 39
202 36 39
202 82 39
202 133 39
202 158 39
202 188 39
202 191 39
202 221 39
202 227 39
202 234 39
202 279 39
202 302 39
202 313 39
202 323 39
202 345 39
202 368 39
202 374 39
202 376 39
223 9 29
223 34 29
223 35 29
223 36 29
223 82 29
223 133 29
223 158 29
223 188 29
223 191 29
223 221 29
223 227 29
223 234 29
223 279 29
223 302 29
223 313 29
223 323 29
223 345 29
223 368 29
223 374 29
223 376 29
245 9 26
245 34 26
245 35 26
245 36 26
245 82 26
245 133 26
245 158 26
245 188 26
245 191 26
245 221 26
245 227 26
245 234 26
245 279 26
245 302 26
245 313 26
245 323 26
245 345 26
245 368 26
245 374 26
245 376 26
250 9 24
250 34 24
250 35 24
250 36 24
250 82 24
250 133 24
250 158 24
250 188 24
250 191 24
250 221 24
250 227 24
250 234 24
250 279 24
250 302 24
250 313 24
250 323 24
250 345 24
250 368 24
250 374 24
250 376 24
253 9 50
253 34 50
253 35 50
253 36 50
253 82 50
253 133 50
253 158 50
253 188 50
253 191 50
253 221 50
253 227 50
253 234 50
253 279 50
253 302 50
253 313 50
253 323 50
253 345 50
253 368 50
253 374 50
253 376 50
305 9 42
305 34 42
305 35 42
305 36 42
305 82 42
305 133 42
305 158 42
305 188 42
305 191 42
305 221 42
305 227 42
305 234 42
305 279 42
305 302 42
305 313 42
305 323 42
305 345 42
305 368 42
305 374 42
305 376 42
320 9 52
320 34 52
320 35 52
320 36 52
320 82 52
320 133 52
320 158 52
320 188 52
320 191 52
320 221 52
320 227 52
320 234 52
320 279 52
320 302 52
320 313 52
320 323 52
320 345 52
320 368 52
320 374 52
320 376 52
339 9 20
339 34 20
339 35 20
339 36 20
339 82 20
339 133 20
339 158 20
339 188 20
339 191 20
339 221 20
339 227 20
339 234 20
339 279 20
339 302 20
339 313 20
339 323 20
339 345 20
339 368 20
339 374 20
339 376 20
344 9 37
344 34 37
344 35 37
344 36 37
344 82 37
344 133 37
344 158 37
344 188 37
344 191 37
344 221 37
344 227 37
344 234 37
344 279 37
344 302 37
344 313 37
344 323 37
344 345 37
344 368 37
344 374 37
344 376 37
367 9 25
367 34 25
367 35 25
367 36 25
367 82 25
367 133 25
367 158 25
367 188 25
367 191 25
367 221 25
367 227 25
367 234 25
367 279 25
367 302 25
367 313 25
367 323 25
367 345 25
367 368 25
367 374 25
367 376 25
388 9 36
388 34 36
388 35 36
388 36 36
388 82 36
388 133 36
388 158 36
388 188 36
388 191 36
388 221 36
388 227 36
388 234 36
388 279 36
388 302 36
388 313 36
388 323 36
388 345 36
388 368 36
388 374 36
388 376 36
393 9 50
393 34 50
393 35 50
393 36 50
393 82 50
393 133 50
393 158 50
393 188 50
393 191 50
393 221 50
393 227 50
393 234 50
393 279 50
393 302 50
393 313 50
393 323 50
393 345 50
393 368 50
393 374 50
393 376 50
12 402 1
86 402 53
100 402 31
126 402 21
145 402 35
148 402 30
163 402 51
167 402 43
191 402 26
221 402 27
226 402 35
254 402 35
313 402 42
319 402 51
323 402 51
346 402 22