202 22
1 202
1
9 21 30 35 58 69 78 120 139 161 163 169
13 32 52 61 73 77 130 137 145 152 179
39 46 48 50 51 66 87 127 143 193
10 12 16 44 53 82 89 92 119 150 153 177 187 188 195
57 74 172 174
14 28 45 59 62 68 72 86 99 151 159 160 170 176 185 197 199
4 11 49 56 108 128 144 149 166 182 184 200
2 36 40 60 64 65 79 106 107 113 147 157 167 191 192 196 201
55 81 90 133
34 80 85 97 114 134 135 164 183 190
27 38 98 115 117 189
15 22 43 63 76 110 142 154
3 25 75 94 95 103 104 111 121 126 146 156 165 168
29 37 47 122 123 155 158 198
6 7 18 19 71 93
26 67 109 112 118 136 140 141 162 186
17 24 31 91 100 129 148 180 194
8 20 33 70 102 116 124 125 171
23 42 54 96 101 105 175 178 181
5 41 83 84 88 131 132 138 173
202
1 2 1
1 9 1
1 10 1
1 11 1
1 55 1
1 67 1
1 73 1
1 86 1
1 105 1
1 127 1
1 150 1
1 183 1
1 198 1
20 48 1
20 60 1
20 70 1
20 94 1
20 104 1
20 114 1
20 133 1
20 141 1
20 146 1
20 166 1
20 173 1
20 176 1
42 48 1
42 60 1
42 70 1
42 94 1
42 104 1
42 114 1
42 133 1
42 141 1
42 146 1
42 166 1
42 173 1
42 176 1
47 48 40
47 60 40
47 70 40
47 94 40
47 104 40
47 114 40
47 133 40
47 141 40
47 146 40
47 166 40
47 173 40
47 176 40
58 48 43
58 60 43
58 70 43
58 94 43
58 104 43
58 114 43
58 133 43
58 141 43
58 146 43
58 166 43
58 173 43
58 176 43
71 48 27
71 60 27
71 70 27
71 94 27
71 104 27
71 114 27
71 133 27
71 141 27
71 146 27
71 166 27
71 173 27
71 176 27
75 48 32
75 60 32
75 70 32
75 94 32
75 104 32
75 114 32
75 133 32
75 141 32
75 146 32
75 166 32
75 173 32
75 176 32
86 48 17
86 60 17
86 70 17
86 94 17
86 104 17
86 114 17
86 133 17
86 141 17
86 146 17
86 166 17
86 173 17
86 176 17
92 48 42
92 60 42
92 70 42
92 94 42
92 104 42
92 114 42
92 133 42
92 141 42
92 146 42
92 166 42
92 173 42
92 176 42
110 48 36
110 60 36
110 70 36
110 94 36
110 104 36
110 114 36
110 133 36
110 141 36
110 146 36
110 166 36
110 173 36
110 176 36
129 48 29
129 60 29
129 70 29
129 94 29
129 104 29
129 114 29
129 133 29
129 141 29
129 146 29
129 166 29
129 173 29
129 176 29
136 48 18
136 60 18
136 70 18
136 94 18
136 104 18
136 114 18
136 133 18
136 141 18
136 146 18
136 166 18
136 173 18
136 176 18
163 48 27
163 60 27
163 70 27
163 94 27
163 104 27
163 114 27
163 133 27
163 141 27
163 146 27
163 166 27
163 173 27
163 176 27
190 48 44
190 60 44
190 70 44
190 94 44
190 104 44
190 114 44
190 133 44
190 141 44
190 146 44
190 166 44
190 173 44
190 176 44
201 48 42
201 60 42
201 70 42
201 94 42
201 104 42
201 114 42
201 133 42
201 141 42
201 146 42
201 166 42
201 173 42
201 176 42
11 44 1
11 75 1
11 84 1
11 89 1
11 123 1
11 126 1
11 152 1
11 155 1
11 159 1
11 163 1
11 174 1
11 182 1
11 193 1
11 195 1
11 197 1
27 44 1
27 75 1
27 84 1
27 89 1
27 123 1
27 126 1
27 152 1
27 155 1
27 159 1
27 163 1
27 174 1
27 182 1
27 193 1
27 195 1
27 197 1
31 44 1
31 75 1
31 84 1
31 89 1
31 123 1
31 126 1
31 152 1
31 155 1
31 159 1
31 163 1
31 174 1
31 182 1
31 193 1
31 195 1
31 197 1
40 44 1
40 75 1
40 84 1
40 89 1
40 123 1
40 126 1
40 152 1
40 155 1
40 159 1
40 163 1
40 174 1
40 182 1
40 193 1
40 195 1
40 197 1
46 44 1
46 75 1
46 84 1
46 89 1
46 123 1
46 126 1
46 152 1
46 155 1
46 159 1
46 163 1
46 174 1
46 182 1
46 193 1
46 195 1
46 197 1
59 44 31
59 75 31
59 84 31
59 89 31
59 123 31
59 126 31
59 152 31
59 155 31
59 159 31
59 163 31
59 174 31
59 182 31
59 193 31
59 195 31
59 197 31
80 44 16
80 75 16
80 84 16
80 89 16
80 123 16
80 126 16
80 152 16
80 155 16
80 159 16
80 163 16
80 174 16
80 182 16
80 193 16
80 195 16
80 197 16
134 44 20
134 75 20
134 84 20
134 89 20
134 123 20
134 126 20
134 152 20
134 155 20
134 159 20
134 163 20
134 174 20
134 182 20
134 193 20
134 195 20
134 197 20
150 44 32
150 75 32
150 84 32
150 89 32
150 123 32
150 126 32
150 152 32
150 155 32
150 159 32
150 163 32
150 174 32
150 182 32
150 193 32
150 195 32
150 197 32
157 44 34
157 75 34
157 84 34
157 89 34
157 123 34
157 126 34
157 152 34
157 155 34
157 159 34
157 163 34
157 174 34
157 182 34
157 193 34
157 195 34
157 197 34
160 44 33
160 75 33
160 84 33
160 89 33
160 123 33
160 126 33
160 152 33
160 155 33
160 159 33
160 163 33
160 174 33
160 182 33
160 193 33
160 195 33
160 197 33
167 44 24
167 75 24
167 84 24
167 89 24
167 123 24
167 126 24
167 152 24
167 155 24
167 159 24
167 163 24
167 174 24
167 182 24
167 193 24
167 195 24
167 197 24
178 44 23
178 75 23
178 84 23
178 89 23
178 123 23
178 126 23
178 152 23
178 155 23
178 159 23
178 163 23
178 174 23
178 182 23
178 193 23
178 195 23
178 197 23
200 44 32
200 75 32
200 84 32
200 89 32
200 123 32
200 126 32
200 152 32
200 155 32
200 159 32
200 163 32
200 174 32
200 182 32
200 193 32
200 195 32
200 197 32
23 47 1
23 103 1
23 119 1
23 143 1
23 161 1
23 167 1
23 187 1
30 47 1
30 103 1
30 119 1
30 143 1
30 161 1
30 167 1
30 187 1
41 47 1
41 103 1
41 119 1
41 143 1
41 161 1
41 167 1
41 187 1
44 47 1
44 103 1
44 119 1
44 143 1
44 161 1
44 167 1
44 187 1
54 47 28
54 103 28
54 119 28
54 143 28
54 161 28
54 167 28
54 187 28
76 47 17
76 103 17
76 119 17
76 143 17
76 161 17
76 167 17
76 187 17
93 47 44
93 103 44
93 119 44
93 143 44
93 161 44
93 167 44
93 187 44
95 47 30
95 103 30
95 119 30
95 143 30
95 161 30
95 167 30
95 187 30
120 47 17
120 103 17
120 119 17
120 143 17
120 161 17
120 167 17
120 187 17
121 47 39
121 103 39
121 119 39
121 143 39
121 161 39
121 167 39
121 187 39
142 47 41
142 103 41
142 119 41
142 143 41
142 161 41
142 167 41
142 187 41
148 47 27
148 103 27
148 119 27
148 143 27
148 161 27
148 167 27
148 187 27
162 47 31
162 103 31
162 119 31
162 143 31
162 161 31
162 167 31
162 187 31
166 47 40
166 103 40
166 119 40
166 143 40
166 161 40
166 167 40
166 187 40
9 42 1
9 66 1
9 95 1
9 109 1
9 121 1
9 125 1
9 132 1
9 158 1
9 200 1
13 42 1
13 66 1
13 95 1
13 109 1
13 121 1
13 125 1
13 132 1
13 158 1
13 200 1
15 42 1
15 66 1
15 95 1
15 109 1
15 121 1
15 125 1
15 132 1
15 158 1
15 200 1
19 42 1
19 66 1
19 95 1
19 109 1
19 121 1
19 125 1
19 132 1
19 158 1
19 200 1
26 42 1
26 66 1
26 95 1
26 109 1
26 121 1
26 125 1
26 132 1
26 158 1
26 200 1
28 42 1
28 66 1
28 95 1
28 109 1
28 121 1
28 125 1
28 132 1
28 158 1
28 200 1
32 42 1
32 66 1
32 95 1
32 109 1
32 121 1
32 125 1
32 132 1
32 158 1
32 200 1
45 42 1
45 66 1
45 95 1
45 109 1
45 121 1
45 125 1
45 132 1
45 158 1
45 200 1
48 42 43
48 66 43
48 95 43
48 109 43
48 121 43
48 125 43
48 132 43
48 158 43
48 200 43
52 42 43
52 66 43
52 95 43
52 109 43
52 121 43
52 125 43
52 132 43
52 158 43
52 200 43
69 42 19
69 66 19
69 95 19
69 109 19
69 121 19
69 125 19
69 132 19
69 158 19
69 200 19
79 42 19
79 66 19
79 95 19
79 109 19
79 121 19
79 125 19
79 132 19
79 158 19
79 200 19
96 42 22
96 66 22
96 95 22
96 109 22
96 121 22
96 125 22
96 132 22
96 158 22
96 200 22
98 42 17
98 66 17
98 95 17
98 109 17
98 121 17
98 125 17
98 132 17
98 158 17
98 200 17
104 42 27
104 66 27
104 95 27
104 109 27
104 121 27
104 125 27
104 132 27
104 158 27
104 200 27
144 42 27
144 66 27
144 95 27
144 109 27
144 121 27
144 125 27
144 132 27
144 158 27
144 200 27
171 42 24
171 66 24
171 95 24
171 109 24
171 121 24
171 125 24
171 132 24
171 158 24
171 200 24
198 42 26
198 66 26
198 95 26
198 109 26
198 121 26
198 125 26
198 132 26
198 158 26
198 200 26
21 43 1
21 50 1
21 54 1
21 78 1
21 81 1
21 102 1
21 118 1
21 120 1
21 140 1
21 145 1
21 153 1
21 180 1
21 181 1
53 43 27
53 50 27
53 54 27
53 78 27
53 81 27
53 102 27
53 118 27
53 120 27
53 140 27
53 145 27
53 153 27
53 180 27
53 181 27
56 43 19
56 50 19
56 54 19
56 78 19
56 81 19
56 102 19
56 118 19
56 120 19
56 140 19
56 145 19
56 153 19
56 180 19
56 181 19
65 43 23
65 50 23
65 54 23
65 78 23
65 81 23
65 102 23
65 118 23
65 120 23
65 140 23
65 145 23
65 153 23
65 180 23
65 181 23
67 43 20
67 50 20
67 54 20
67 78 20
67 81 20
67 102 20
67 118 20
67 120 20
67 140 20
67 145 20
67 153 20
67 180 20
67 181 20
82 43 28
82 50 28
82 54 28
82 78 28
82 81 28
82 102 28
82 118 28
82 120 28
82 140 28
82 145 28
82 153 28
82 180 28
82 181 28
131 43 18
131 50 18
131 54 18
131 78 18
131 81 18
131 102 18
131 118 18
131 120 18
131 140 18
131 145 18
131 153 18
131 180 18
131 181 18
143 43 30
143 50 30
143 54 30
143 78 30
143 81 30
143 102 30
143 118 30
143 120 30
143 140 30
143 145 30
143 153 30
143 180 30
143 181 30
147 43 19
147 50 19
147 54 19
147 78 19
147 81 19
147 102 19
147 118 19
147 120 19
147 140 19
147 145 19
147 153 19
147 180 19
147 181 19
154 43 24
154 50 24
154 54 24
154 78 24
154 81 24
154 102 24
154 118 24
154 120 24
154 140 24
154 145 24
154 153 24
154 180 24
154 181 24
188 43 16
188 50 16
188 54 16
188 78 16
188 81 16
188 102 16
188 118 16
188 120 16
188 140 16
188 145 16
188 153 16
188 180 16
188 181 16
195 43 38
195 50 38
195 54 38
195 78 38
195 81 38
195 102 38
195 118 38
195 120 38
195 140 38
195 145 38
195 153 38
195 180 38
195 181 38
199 43 30
199 50 30
199 54 30
199 78 30
199 81 30
199 102 30
199 118 30
199 120 30
199 140 30
199 145 30
199 153 30
199 180 30
199 181 30
4 5 1
4 18 1
4 19 1
4 20 1
4 68 1
4 80 1
4 111 1
4 122 1
4 128 1
4 130 1
4 149 1
4 151 1
4 165 1
4 171 1
4 177 1
4 191 1
4 192 1
4 201 1
55 5 43
55 18 43
55 19 43
55 20 43
55 68 43
55 80 43
55 111 43
55 122 43
55 128 43
55 130 43
55 149 43
55 151 43
55 165 43
55 171 43
55 177 43
55 191 43
55 192 43
55 201 43
88 5 40
88 18 40
88 19 40
88 20 40
88 68 40
88 80 40
88 111 40
88 122 40
88 128 40
88 130 40
88 149 40
88 151 40
88 165 40
88 171 40
88 177 40
88 191 40
88 192 40
88 201 40
108 5 22
108 18 22
108 19 22
108 20 22
108 68 22
108 80 22
108 111 22
108 122 22
108 128 22
108 130 22
108 149 22
108 151 22
108 165 22
108 171 22
108 177 22
108 191 22
108 192 22
108 201 22
114 5 37
114 18 37
114 19 37
114 20 37
114 68 37
114 80 37
114 111 37
114 122 37
114 128 37
114 130 37
114 149 37
114 151 37
114 165 37
114 171 37
114 177 37
114 191 37
114 192 37
114 201 37
116 5 26
116 18 26
116 19 26
116 20 26
116 68 26
116 80 26
116 111 26
116 122 26
116 128 26
116 130 26
116 149 26
116 151 26
116 165 26
116 171 26
116 177 26
116 191 26
116 192 26
116 201 26
124 5 38
124 18 38
124 19 38
124 20 38
124 68 38
124 80 38
124 111 38
124 122 38
124 128 38
124 130 38
124 149 38
124 151 38
124 165 38
124 171 38
124 177 38
124 191 38
124 192 38
124 201 38
168 5 32
168 18 32
168 19 32
168 20 32
168 68 32
168 80 32
168 111 32
168 122 32
168 128 32
168 130 32
168 149 32
168 151 32
168 165 32
168 171 32
168 177 32
168 191 32
168 192 32
168 201 32
172 5 17
172 18 17
172 19 17
172 20 17
172 68 17
172 80 17
172 111 17
172 122 17
172 128 17
172 130 17
172 149 17
172 151 17
172 165 17
172 171 17
172 177 17
172 191 17
172 192 17
172 201 17
174 5 30
174 18 30
174 19 30
174 20 30
174 68 30
174 80 30
174 111 30
174 122 30
174 128 30
174 130 30
174 149 30
174 151 30
174 165 30
174 171 30
174 177 30
174 191 30
174 192 30
174 201 30
183 5 33
183 18 33
183 19 33
183 20 33
183 68 33
183 80 33
183 111 33
183 122 33
183 128 33
183 130 33
183 149 33
183 151 33
183 165 33
183 171 33
183 177 33
183 191 33
183 192 33
183 201 33
3 4 1
3 15 1
3 16 1
3 17 1
3 33 1
3 35 1
3 36 1
3 57 1
3 91 1
3 98 1
3 100 1
3 101 1
3 138 1
3 139 1
3 154 1
3 186 1
3 194 1
38 4 1
38 15 1
38 16 1
38 17 1
38 33 1
38 35 1
38 36 1
38 57 1
38 91 1
38 98 1
38 100 1
38 101 1
38 138 1
38 139 1
38 154 1
38 186 1
38 194 1
112 4 30
112 15 30
112 16 30
112 17 30
112 33 30
112 35 30
112 36 30
112 57 30
112 91 30
112 98 30
112 100 30
112 101 30
112 138 30
112 139 30
112 154 30
112 186 30
112 194 30
119 4 23
119 15 23
119 16 23
119 17 23
119 33 23
119 35 23
119 36 23
119 57 23
119 91 23
119 98 23
119 100 23
119 101 23
119 138 23
119 139 23
119 154 23
119 186 23
119 194 23
127 4 44
127 15 44
127 16 44
127 17 44
127 33 44
127 35 44
127 36 44
127 57 44
127 91 44
127 98 44
127 100 44
127 101 44
127 138 44
127 139 44
127 154 44
127 186 44
127 194 44
176 4 36
176 15 36
176 16 36
176 17 36
176 33 36
176 35 36
176 36 36
176 57 36
176 91 36
176 98 36
176 100 36
176 101 36
176 138 36
176 139 36
176 154 36
176 186 36
176 194 36
177 4 39
177 15 39
177 16 39
177 17 39
177 33 39
177 35 39
177 36 39
177 57 39
177 91 39
177 98 39
177 100 39
177 101 39
177 138 39
177 139 39
177 154 39
177 186 39
177 194 39
187 4 34
187 15 34
187 16 34
187 17 34
187 33 34
187 35 34
187 36 34
187 57 34
187 91 34
187 98 34
187 100 34
187 101 34
187 138 34
187 139 34
187 154 34
187 186 34
187 194 34
7 8 1
7 27 1
7 28 1
7 29 1
7 39 1
7 52 1
7 53 1
7 56 1
7 69 1
7 97 1
7 106 1
7 108 1
7 134 1
7 164 1
7 168 1
7 179 1
34 8 1
34 27 1
34 28 1
34 29 1
34 39 1
34 52 1
34 53 1
34 56 1
34 69 1
34 97 1
34 106 1
34 108 1
34 134 1
34 164 1
34 168 1
34 179 1
37 8 1
37 27 1
37 28 1
37 29 1
37 39 1
37 52 1
37 53 1
37 56 1
37 69 1
37 97 1
37 106 1
37 108 1
37 134 1
37 164 1
37 168 1
37 179 1
57 8 27
57 27 27
57 28 27
57 29 27
57 39 27
57 52 27
57 53 27
57 56 27
57 69 27
57 97 27
57 106 27
57 108 27
57 134 27
57 164 27
57 168 27
57 179 27
62 8 32
62 27 32
62 28 32
62 29 32
62 39 32
62 52 32
62 53 32
62 56 32
62 69 32
62 97 32
62 106 32
62 108 32
62 134 32
62 164 32
62 168 32
62 179 32
64 8 24
64 27 24
64 28 24
64 29 24
64 39 24
64 52 24
64 53 24
64 56 24
64 69 24
64 97 24
64 106 24
64 108 24
64 134 24
64 164 24
64 168 24
64 179 24
70 8 16
70 27 16
70 28 16
70 29 16
70 39 16
70 52 16
70 53 16
70 56 16
70 69 16
70 97 16
70 106 16
70 108 16
70 134 16
70 164 16
70 168 16
70 179 16
84 8 24
84 27 24
84 28 24
84 29 24
84 39 24
84 52 24
84 53 24
84 56 24
84 69 24
84 97 24
84 106 24
84 108 24
84 134 24
84 164 24
84 168 24
84 179 24
100 8 39
100 27 39
100 28 39
100 29 39
100 39 39
100 52 39
100 53 39
100 56 39
100 69 39
100 97 39
100 106 39
100 108 39
100 134 39
100 164 39
100 168 39
100 179 39
122 8 25
122 27 25
122 28 25
122 29 25
122 39 25
122 52 25
122 53 25
122 56 25
122 69 25
122 97 25
122 106 25
122 108 25
122 134 25
122 164 25
122 168 25
122 179 25
128 8 40
128 27 40
128 28 40
128 29 40
128 39 40
128 52 40
128 53 40
128 56 40
128 69 40
128 97 40
128 106 40
128 108 40
128 134 40
128 164 40
128 168 40
128 179 40
140 8 31
140 27 31
140 28 31
140 29 31
140 39 31
140 52 31
140 53 31
140 56 31
140 69 31
140 97 31
140 106 31
140 108 31
140 134 31
140 164 31
140 168 31
140 179 31
165 8 40
165 27 40
165 28 40
165 29 40
165 39 40
165 52 40
165 53 40
165 56 40
165 69 40
165 97 40
165 106 40
165 108 40
165 134 40
165 164 40
165 168 40
165 179 40
169 8 40
169 27 40
169 28 40
169 29 40
169 39 40
169 52 40
169 53 40
169 56 40
169 69 40
169 97 40
169 106 40
169 108 40
169 134 40
169 164 40
169 168 40
169 179 40
180 8 19
180 27 19
180 28 19
180 29 19
180 39 19
180 52 19
180 53 19
180 56 19
180 69 19
180 97 19
180 106 19
180 108 19
180 134 19
180 164 19
180 168 19
180 179 19
189 8 42
189 27 42
189 28 42
189 29 42
189 39 42
189 52 42
189 53 42
189 56 42
189 69 42
189 97 42
189 106 42
189 108 42
189 134 42
189 164 42
189 168 42
189 179 42
2 3 2
2 12 2
2 13 2
2 14 2
2 64 2
2 72 2
2 74 2
2 77 2
2 115 2
2 135 2
2 136 2
2 157 2
2 199 2
33 3 1
33 12 1
33 13 1
33 14 1
33 64 1
33 72 1
33 74 1
33 77 1
33 115 1
33 135 1
33 136 1
33 157 1
33 199 1
101 3 32
101 12 32
101 13 32
101 14 32
101 64 32
101 72 32
101 74 32
101 77 32
101 115 32
101 135 32
101 136 32
101 157 32
101 199 32
137 3 35
137 12 35
137 13 35
137 14 35
137 64 35
137 72 35
137 74 35
137 77 35
137 115 35
137 135 35
137 136 35
137 157 35
137 199 35
138 3 32
138 12 32
138 13 32
138 14 32
138 64 32
138 72 32
138 74 32
138 77 32
138 115 32
138 135 32
138 136 32
138 157 32
138 199 32
141 3 41
141 12 41
141 13 41
141 14 41
141 64 41
141 72 41
141 74 41
141 77 41
141 115 41
141 135 41
141 136 41
141 157 41
141 199 41
149 3 34
149 12 34
149 13 34
149 14 34
149 64 34
149 72 34
149 74 34
149 77 34
149 115 34
149 135 34
149 136 34
149 157 34
149 199 34
161 3 25
161 12 25
161 13 25
161 14 25
161 64 25
161 72 25
161 74 25
161 77 25
161 115 25
161 135 25
161 136 25
161 157 25
161 199 25
181 3 17
181 12 17
181 13 17
181 14 17
181 64 17
181 72 17
181 74 17
181 77 17
181 115 17
181 135 17
181 136 17
181 157 17
181 199 17
193 3 17
193 12 17
193 13 17
193 14 17
193 64 17
193 72 17
193 74 17
193 77 17
193 115 17
193 135 17
193 136 17
193 157 17
193 199 17
194 3 36
194 12 36
194 13 36
194 14 36
194 64 36
194 72 36
194 74 36
194 77 36
194 115 36
194 135 36
194 136 36
194 157 36
194 199 36
196 3 18
196 12 18
196 13 18
196 14 18
196 64 18
196 72 18
196 74 18
196 77 18
196 115 18
196 135 18
196 136 18
196 157 18
196 199 18
10 41 1
10 49 1
10 71 1
10 82 1
10 96 1
10 99 1
10 129 1
10 178 1
10 184 1
10 188 1
14 41 1
14 49 1
14 71 1
14 82 1
14 96 1
14 99 1
14 129 1
14 178 1
14 184 1
14 188 1
17 41 1
17 49 1
17 71 1
17 82 1
17 96 1
17 99 1
17 129 1
17 178 1
17 184 1
17 188 1
22 41 1
22 49 1
22 71 1
22 82 1
22 96 1
22 99 1
22 129 1
22 178 1
22 184 1
22 188 1
24 41 1
24 49 1
24 71 1
24 82 1
24 96 1
24 99 1
24 129 1
24 178 1
24 184 1
24 188 1
51 41 18
51 49 18
51 71 18
51 82 18
51 96 18
51 99 18
51 129 18
51 178 18
51 184 18
51 188 18
60 41 19
60 49 19
60 71 19
60 82 19
60 96 19
60 99 19
60 129 19
60 178 19
60 184 19
60 188 19
63 41 22
63 49 22
63 71 22
63 82 22
63 96 22
63 99 22
63 129 22
63 178 22
63 184 22
63 188 22
74 41 25
74 49 25
74 71 25
74 82 25
74 96 25
74 99 25
74 129 25
74 178 25
74 184 25
74 188 25
81 41 33
81 49 33
81 71 33
81 82 33
81 96 33
81 99 33
81 129 33
81 178 33
81 184 33
81 188 33
105 41 24
105 49 24
105 71 24
105 82 24
105 96 24
105 99 24
105 129 24
105 178 24
105 184 24
105 188 24
115 41 41
115 49 41
115 71 41
115 82 41
115 96 41
115 99 41
115 129 41
115 178 41
115 184 41
115 188 41
133 41 28
133 49 28
133 71 28
133 82 28
133 96 28
133 99 28
133 129 28
133 178 28
133 184 28
133 188 28
139 41 17
139 49 17
139 71 17
139 82 17
139 96 17
139 99 17
139 129 17
139 178 17
139 184 17
139 188 17
145 41 32
145 49 32
145 71 32
145 82 32
145 96 32
145 99 32
145 129 32
145 178 32
145 184 32
145 188 32
151 41 39
151 49 39
151 71 39
151 82 39
151 96 39
151 99 39
151 129 39
151 178 39
151 184 39
151 188 39
152 41 21
152 49 21
152 71 21
152 82 21
152 96 21
152 99 21
152 129 21
152 178 21
152 184 21
152 188 21
159 41 22
159 49 22
159 71 22
159 82 22
159 96 22
159 99 22
159 129 22
159 178 22
159 184 22
159 188 22
173 41 26
173 49 26
173 71 26
173 82 26
173 96 26
173 99 26
173 129 26
173 178 26
173 184 26
173 188 26
12 40 1
12 45 1
12 46 1
12 61 1
12 85 1
12 88 1
12 112 1
12 131 1
12 142 1
12 172 1
12 190 1
16 40 1
16 45 1
16 46 1
16 61 1
16 85 1
16 88 1
16 112 1
16 131 1
16 142 1
16 172 1
16 190 1
18 40 1
18 45 1
18 46 1
18 61 1
18 85 1
18 88 1
18 112 1
18 131 1
18 142 1
18 172 1
18 190 1
25 40 1
25 45 1
25 46 1
25 61 1
25 85 1
25 88 1
25 112 1
25 131 1
25 142 1
25 172 1
25 190 1
29 40 1
29 45 1
29 46 1
29 61 1
29 85 1
29 88 1
29 112 1
29 131 1
29 142 1
29 172 1
29 190 1
43 40 1
43 45 1
43 46 1
43 61 1
43 85 1
43 88 1
43 112 1
43 131 1
43 142 1
43 172 1
43 190 1
77 40 26
77 45 26
77 46 26
77 61 26
77 85 26
77 88 26
77 112 26
77 131 26
77 142 26
77 172 26
77 190 26
99 40 22
99 45 22
99 46 22
99 61 22
99 85 22
99 88 22
99 112 22
99 131 22
99 142 22
99 172 22
99 190 22
106 40 38
106 45 38
106 46 38
106 61 38
106 85 38
106 88 38
106 112 38
106 131 38
106 142 38
106 172 38
106 190 38
123 40 31
123 45 31
123 46 31
123 61 31
123 85 31
123 88 31
123 112 31
123 131 31
123 142 31
123 172 31
123 190 31
132 40 44
132 45 44
132 46 44
132 61 44
132 85 44
132 88 44
132 112 44
132 131 44
132 142 44
132 172 44
132 190 44
197 40 30
197 45 30
197 46 30
197 61 30
197 85 30
197 88 30
197 112 30
197 131 30
197 142 30
197 172 30
197 190 30
6 7 1
6 24 1
6 25 1
6 26 1
6 51 1
6 83 1
6 147 1
6 148 1
6 160 1
6 162 1
6 175 1
6 189 1
50 7 29
50 24 29
50 25 29
50 26 29
50 51 29
50 83 29
50 147 29
50 148 29
50 160 29
50 162 29
50 175 29
50 189 29
72 7 36
72 24 36
72 25 36
72 26 36
72 51 36
72 83 36
72 147 36
72 148 36
72 160 36
72 162 36
72 175 36
72 189 36
73 7 34
73 24 34
73 25 34
73 26 34
73 51 34
73 83 34
73 147 34
73 148 34
73 160 34
73 162 34
73 175 34
73 189 34
78 7 22
78 24 22
78 25 22
78 26 22
78 51 22
78 83 22
78 147 22
78 148 22
78 160 22
78 162 22
78 175 22
78 189 22
87 7 44
87 24 44
87 25 44
87 26 44
87 51 44
87 83 44
87 147 44
87 148 44
87 160 44
87 162 44
87 175 44
87 189 44
89 7 38
89 24 38
89 25 38
89 26 38
89 51 38
89 83 38
89 147 38
89 148 38
89 160 38
89 162 38
89 175 38
89 189 38
90 7 29
90 24 29
90 25 29
90 26 29
90 51 29
90 83 29
90 147 29
90 148 29
90 160 29
90 162 29
90 175 29
90 189 29
94 7 34
94 24 34
94 25 34
94 26 34
94 51 34
94 83 34
94 147 34
94 148 34
94 160 34
94 162 34
94 175 34
94 189 34
102 7 41
102 24 41
102 25 41
102 26 41
102 51 41
102 83 41
102 147 41
102 148 41
102 160 41
102 162 41
102 175 41
102 189 41
103 7 33
103 24 33
103 25 33
103 26 33
103 51 33
103 83 33
103 147 33
103 148 33
103 160 33
103 162 33
103 175 33
103 189 33
113 7 36
113 24 36
113 25 36
113 26 36
113 51 36
113 83 36
113 147 36
113 148 36
113 160 36
113 162 36
113 175 36
113 189 36
118 7 19
118 24 19
118 25 19
118 26 19
118 51 19
118 83 19
118 147 19
118 148 19
118 160 19
118 162 19
118 175 19
118 189 19
125 7 24
125 24 24
125 25 24
125 26 24
125 51 24
125 83 24
125 147 24
125 148 24
125 160 24
125 162 24
125 175 24
125 189 24
126 7 17
126 24 17
126 25 17
126 26 17
126 51 17
126 83 17
126 147 17
126 148 17
126 160 17
126 162 17
126 175 17
126 189 17
130 7 32
130 24 32
130 25 32
130 26 32
130 51 32
130 83 32
130 147 32
130 148 32
130 160 32
130 162 32
130 175 32
130 189 32
179 7 30
179 24 30
179 25 30
179 26 30
179 51 30
179 83 30
179 147 30
179 148 30
179 160 30
179 162 30
179 175 30
179 189 30
184 7 25
184 24 25
184 25 25
184 26 25
184 51 25
184 83 25
184 147 25
184 148 25
184 160 25
184 162 25
184 175 25
184 189 25
186 7 28
186 24 28
186 25 28
186 26 28
186 51 28
186 83 28
186 147 28
186 148 28
186 160 28
186 162 28
186 175 28
186 189 28
191 7 25
191 24 25
191 25 25
191 26 25
191 51 25
191 83 25
191 147 25
191 148 25
191 160 25
191 162 25
191 175 25
191 189 25
5 6 1
5 21 1
5 22 1
5 23 1
5 63 1
5 65 1
5 76 1
5 87 1
5 92 1
5 107 1
5 110 1
5 113 1
5 116 1
5 124 1
5 137 1
5 144 1
5 156 1
5 169 1
5 196 1
66 6 16
66 21 16
66 22 16
66 23 16
66 63 16
66 65 16
66 76 16
66 87 16
66 92 16
66 107 16
66 110 16
66 113 16
66 116 16
66 124 16
66 137 16
66 144 16
66 156 16
66 169 16
66 196 16
83 6 21
83 21 21
83 22 21
83 23 21
83 63 21
83 65 21
83 76 21
83 87 21
83 92 21
83 107 21
83 110 21
83 113 21
83 116 21
83 124 21
83 137 21
83 144 21
83 156 21
83 169 21
83 196 21
109 6 33
109 21 33
109 22 33
109 23 33
109 63 33
109 65 33
109 76 33
109 87 33
109 92 33
109 107 33
109 110 33
109 113 33
109 116 33
109 124 33
109 137 33
109 144 33
109 156 33
109 169 33
109 196 33
135 6 33
135 21 33
135 22 33
135 23 33
135 63 33
135 65 33
135 76 33
135 87 33
135 92 33
135 107 33
135 110 33
135 113 33
135 116 33
135 124 33
135 137 33
135 144 33
135 156 33
135 169 33
135 196 33
146 6 18
146 21 18
146 22 18
146 23 18
146 63 18
146 65 18
146 76 18
146 87 18
146 92 18
146 107 18
146 110 18
146 113 18
146 116 18
146 124 18
146 137 18
146 144 18
146 156 18
146 169 18
146 196 18
153 6 20
153 21 20
153 22 20
153 23 20
153 63 20
153 65 20
153 76 20
153 87 20
153 92 20
153 107 20
153 110 20
153 113 20
153 116 20
153 124 20
153 137 20
153 144 20
153 156 20
153 169 20
153 196 20
155 6 21
155 21 21
155 22 21
155 23 21
155 63 21
155 65 21
155 76 21
155 87 21
155 92 21
155 107 21
155 110 21
155 113 21
155 116 21
155 124 21
155 137 21
155 144 21
155 156 21
155 169 21
155 196 21
158 6 35
158 21 35
158 22 35
158 23 35
158 63 35
158 65 35
158 76 35
158 87 35
158 92 35
158 107 35
158 110 35
158 113 35
158 116 35
158 124 35
158 137 35
158 144 35
158 156 35
158 169 35
158 196 35
164 6 21
164 21 21
164 22 21
164 23 21
164 63 21
164 65 21
164 76 21
164 87 21
164 92 21
164 107 21
164 110 21
164 113 21
164 116 21
164 124 21
164 137 21
164 144 21
164 156 21
164 169 21
164 196 21
175 6 20
175 21 20
175 22 20
175 23 20
175 63 20
175 65 20
175 76 20
175 87 20
175 92 20
175 107 20
175 110 20
175 113 20
175 116 20
175 124 20
175 137 20
175 144 20
175 156 20
175 169 20
175 196 20
8 202 1
85 202 30
97 202 24
107 202 30