352 17
1 352
1
10 24 34 50 58 64 76 109 124 127 137 153 154 163 179 199 241 262 269 270 277 301 307 328
54 132 134 165 167 192 196 257 258 268 283 287 308 339 342
6 14 21 26 43 57 67 82 83 169 170 185 215 251 263 290 291 297
11 47 86 102 136 162 184 189 202 223 233 246 252 275 279 282 292 303 304 314 315 323 324 344 348 350
9 13 19 23 72 73 111 114 117 118 125 135 139 171 211 217 229 230 232 237 238 244 245 254 265 278 288 341
25 44 69 108 119 142 149 174 188 198 218 219 234 255 256 294 309 321 329 336
15 48 51 52 56 81 100 104 107 131 146 148 168 182 195 197 200 205 222 235 243 249 253 260 264 276 284 289 296 300 302 305 310 317 345
5 22 28 42 53 62 70 80 94 99 122 129 138 144 159 161 175 206 208 220 228 273 299 316 319 320 327
27 29 30 36 40 65 66 68 91 92 93 97 106 112 126 141 152 155 160 177 180 181 193 204 213 274 285 298 318 334 335
12 18 79 89 90 115 128 133 145 164 176 203 212 248 261
16 32 33 77 85 103 116 151 156 172 178 183 214 240 259 293
20 38 46 60 61 84 95 101 110 130 190 191 201 224 227 242 266 267 313 325 332 338 340 351
7 8 31 41 55 59 74 75 88 140 143 150 158 186 225 226 250 271 281 326 331 343 346 347 349
2 3 4 17 37 63 78 96 105 121 147 166 173 207 209 210 216 221 247 280 286 295 311 312 337
35 39 45 49 71 87 98 113 120 123 157 187 194 231 236 239 272 306 322 330 333
352
1 2 1
1 13 1
1 14 1
1 15 1
1 80 1
1 155 1
1 160 1
1 187 1
1 210 1
1 244 1
1 284 1
1 295 1
1 297 1
1 333 1
1 342 1
6 7 1
6 28 1
6 29 1
6 30 1
6 52 1
6 74 1
6 82 1
6 83 1
6 106 1
6 133 1
6 142 1
6 154 1
6 174 1
6 175 1
6 184 1
6 218 1
6 220 1
6 221 1
6 231 1
6 233 1
6 255 1
6 262 1
6 278 1
6 296 1
6 311 1
6 316 1
53 7 1
53 28 1
53 29 1
53 30 1
53 52 1
53 74 1
53 82 1
53 83 1
53 106 1
53 133 1
53 142 1
53 154 1
53 174 1
53 175 1
53 184 1
53 218 1
53 220 1
53 221 1
53 231 1
53 233 1
53 255 1
53 262 1
53 278 1
53 296 1
53 311 1
53 316 1
65 7 29
65 28 29
65 29 29
65 30 29
65 52 29
65 74 29
65 82 29
65 83 29
65 106 29
65 133 29
65 142 29
65 154 29
65 174 29
65 175 29
65 184 29
65 218 29
65 220 29
65 221 29
65 231 29
65 233 29
65 255 29
65 262 29
65 278 29
65 296 29
65 311 29
65 316 29
73 7 40
73 28 40
73 29 40
73 30 40
73 52 40
73 74 40
73 82 40
73 83 40
73 106 40
73 133 40
73 142 40
73 154 40
73 174 40
73 175 40
73 184 40
73 218 40
73 220 40
73 221 40
73 231 40
73 233 40
73 255 40
73 262 40
73 278 40
73 296 40
73 311 40
73 316 40
86 7 26
86 28 26
86 29 26
86 30 26
86 52 26
86 74 26
86 82 26
86 83 26
86 106 26
86 133 26
86 142 26
86 154 26
86 174 26
86 175 26
86 184 26
86 218 26
86 220 26
86 221 26
86 231 26
86 233 26
86 255 26
86 262 26
86 278 26
86 296 26
86 311 26
86 316 26
104 7 43
104 28 43
104 29 43
104 30 43
104 52 43
104 74 43
104 82 43
104 83 43
104 106 43
104 133 43
104 142 43
104 154 43
104 174 43
104 175 43
104 184 43
104 218 43
104 220 43
104 221 43
104 231 43
104 233 43
104 255 43
104 262 43
104 278 43
104 296 43
104 311 43
104 316 43
143 7 28
143 28 28
143 29 28
143 30 28
143 52 28
143 74 28
143 82 28
143 83 28
143 106 28
143 133 28
143 142 28
143 154 28
143 174 28
143 175 28
143 184 28
143 218 28
143 220 28
143 221 28
143 231 28
143 233 28
143 255 28
143 262 28
143 278 28
143 296 28
143 311 28
143 316 28
151 7 28
151 28 28
151 29 28
151 30 28
151 52 28
151 74 28
151 82 28
151 83 28
151 106 28
151 133 28
151 142 28
151 154 28
151 174 28
151 175 28
151 184 28
151 218 28
151 220 28
151 221 28
151 231 28
151 233 28
151 255 28
151 262 28
151 278 28
151 296 28
151 311 28
151 316 28
160 7 36
160 28 36
160 29 36
160 30 36
160 52 36
160 74 36
160 82 36
160 83 36
160 106 36
160 133 36
160 142 36
160 154 36
160 174 36
160 175 36
160 184 36
160 218 36
160 220 36
160 221 36
160 231 36
160 233 36
160 255 36
160 262 36
160 278 36
160 296 36
160 311 36
160 316 36
162 7 50
162 28 50
162 29 50
162 30 50
162 52 50
162 74 50
162 82 50
162 83 50
162 106 50
162 133 50
162 142 50
162 154 50
162 174 50
162 175 50
162 184 50
162 218 50
162 220 50
162 221 50
162 231 50
162 233 50
162 255 50
162 262 50
162 278 50
162 296 50
162 311 50
162 316 50
172 7 30
172 28 30
172 29 30
172 30 30
172 52 30
172 74 30
172 82 30
172 83 30
172 106 30
172 133 30
172 142 30
172 154 30
172 174 30
172 175 30
172 184 30
172 218 30
172 220 30
172 221 30
172 231 30
172 233 30
172 255 30
172 262 30
172 278 30
172 296 30
172 311 30
172 316 30
178 7 40
178 28 40
178 29 40
178 30 40
178 52 40
178 74 40
178 82 40
178 83 40
178 106 40
178 133 40
178 142 40
178 154 40
178 174 40
178 175 40
178 184 40
178 218 40
178 220 40
178 221 40
178 231 40
178 233 40
178 255 40
178 262 40
178 278 40
178 296 40
178 311 40
178 316 40
229 7 27
229 28 27
229 29 27
229 30 27
229 52 27
229 74 27
229 82 27
229 83 27
229 106 27
229 133 27
229 142 27
229 154 27
229 174 27
229 175 27
229 184 27
229 218 27
229 220 27
229 221 27
229 231 27
229 233 27
229 255 27
229 262 27
229 278 27
229 296 27
229 311 27
229 316 27
240 7 31
240 28 31
240 29 31
240 30 31
240 52 31
240 74 31
240 82 31
240 83 31
240 106 31
240 133 31
240 142 31
240 154 31
240 174 31
240 175 31
240 184 31
240 218 31
240 220 31
240 221 31
240 231 31
240 233 31
240 255 31
240 262 31
240 278 31
240 296 31
240 311 31
240 316 31
243 7 38
243 28 38
243 29 38
243 30 38
243 52 38
243 74 38
243 82 38
243 83 38
243 106 38
243 133 38
243 142 38
243 154 38
243 174 38
243 175 38
243 184 38
243 218 38
243 220 38
243 221 38
243 231 38
243 233 38
243 255 38
243 262 38
243 278 38
243 296 38
243 311 38
243 316 38
251 7 48
251 28 48
251 29 48
251 30 48
251 52 48
251 74 48
251 82 48
251 83 48
251 106 48
251 133 48
251 142 48
251 154 48
251 174 48
251 175 48
251 184 48
251 218 48
251 220 48
251 221 48
251 231 48
251 233 48
251 255 48
251 262 48
251 278 48
251 296 48
251 311 48
251 316 48
264 7 21
264 28 21
264 29 21
264 30 21
264 52 21
264 74 21
264 82 21
264 83 21
264 106 21
264 133 21
264 142 21
264 154 21
264 174 21
264 175 21
264 184 21
264 218 21
264 220 21
264 221 21
264 231 21
264 233 21
264 255 21
264 262 21
264 278 21
264 296 21
264 311 21
264 316 21
273 7 18
273 28 18
273 29 18
273 30 18
273 52 18
273 74 18
273 82 18
273 83 18
273 106 18
273 133 18
273 142 18
273 154 18
273 174 18
273 175 18
273 184 18
273 218 18
273 220 18
273 221 18
273 231 18
273 233 18
273 255 18
273 262 18
273 278 18
273 296 18
273 311 18
273 316 18
287 7 30
287 28 30
287 29 30
287 30 30
287 52 30
287 74 30
287 82 30
287 83 30
287 106 30
287 133 30
287 142 30
287 154 30
287 174 30
287 175 30
287 184 30
287 218 30
287 220 30
287 221 30
287 231 30
287 233 30
287 255 30
287 262 30
287 278 30
287 296 30
287 311 30
287 316 30
308 7 46
308 28 46
308 29 46
308 30 46
308 52 46
308 74 46
308 82 46
308 83 46
308 106 46
308 133 46
308 142 46
308 154 46
308 174 46
308 175 46
308 184 46
308 218 46
308 220 46
308 221 46
308 231 46
308 233 46
308 255 46
308 262 46
308 278 46
308 296 46
308 311 46
308 316 46
327 7 23
327 28 23
327 29 23
327 30 23
327 52 23
327 74 23
327 82 23
327 83 23
327 106 23
327 133 23
327 142 23
327 154 23
327 174 23
327 175 23
327 184 23
327 218 23
327 220 23
327 221 23
327 231 23
327 233 23
327 255 23
327 262 23
327 278 23
327 296 23
327 311 23
327 316 23
332 7 38
332 28 38
332 29 38
332 30 38
332 52 38
332 74 38
332 82 38
332 83 38
332 106 38
332 133 38
332 142 38
332 154 38
332 174 38
332 175 38
332 184 38
332 218 38
332 220 38
332 221 38
332 231 38
332 233 38
332 255 38
332 262 38
332 278 38
332 296 38
332 311 38
332 316 38
7 8 1
7 31 1
7 32 1
7 33 1
7 51 1
7 53 1
7 55 1
7 71 1
7 72 1
7 108 1
7 110 1
7 121 1
7 165 1
7 172 1
7 176 1
7 192 1
7 207 1
7 225 1
7 235 1
7 243 1
7 250 1
7 276 1
7 290 1
7 291 1
7 313 1
7 315 1
7 318 1
7 321 1
91 8 48
91 31 48
91 32 48
91 33 48
91 51 48
91 53 48
91 55 48
91 71 48
91 72 48
91 108 48
91 110 48
91 121 48
91 165 48
91 172 48
91 176 48
91 192 48
91 207 48
91 225 48
91 235 48
91 243 48
91 250 48
91 276 48
91 290 48
91 291 48
91 313 48
91 315 48
91 318 48
91 321 48
101 8 44
101 31 44
101 32 44
101 33 44
101 51 44
101 53 44
101 55 44
101 71 44
101 72 44
101 108 44
101 110 44
101 121 44
101 165 44
101 172 44
101 176 44
101 192 44
101 207 44
101 225 44
101 235 44
101 243 44
101 250 44
101 276 44
101 290 44
101 291 44
101 313 44
101 315 44
101 318 44
101 321 44
115 8 45
115 31 45
115 32 45
115 33 45
115 51 45
115 53 45
115 55 45
115 71 45
115 72 45
115 108 45
115 110 45
115 121 45
115 165 45
115 172 45
115 176 45
115 192 45
115 207 45
115 225 45
115 235 45
115 243 45
115 250 45
115 276 45
115 290 45
115 291 45
115 313 45
115 315 45
115 318 45
115 321 45
122 8 44
122 31 44
122 32 44
122 33 44
122 51 44
122 53 44
122 55 44
122 71 44
122 72 44
122 108 44
122 110 44
122 121 44
122 165 44
122 172 44
122 176 44
122 192 44
122 207 44
122 225 44
122 235 44
122 243 44
122 250 44
122 276 44
122 290 44
122 291 44
122 313 44
122 315 44
122 318 44
122 321 44
125 8 26
125 31 26
125 32 26
125 33 26
125 51 26
125 53 26
125 55 26
125 71 26
125 72 26
125 108 26
125 110 26
125 121 26
125 165 26
125 172 26
125 176 26
125 192 26
125 207 26
125 225 26
125 235 26
125 243 26
125 250 26
125 276 26
125 290 26
125 291 26
125 313 26
125 315 26
125 318 26
125 321 26
144 8 20
144 31 20
144 32 20
144 33 20
144 51 20
144 53 20
144 55 20
144 71 20
144 72 20
144 108 20
144 110 20
144 121 20
144 165 20
144 172 20
144 176 20
144 192 20
144 207 20
144 225 20
144 235 20
144 243 20
144 250 20
144 276 20
144 290 20
144 291 20
144 313 20
144 315 20
144 318 20
144 321 20
150 8 40
150 31 40
150 32 40
150 33 40
150 51 40
150 53 40
150 55 40
150 71 40
150 72 40
150 108 40
150 110 40
150 121 40
150 165 40
150 172 40
150 176 40
150 192 40
150 207 40
150 225 40
150 235 40
150 243 40
150 250 40
150 276 40
150 290 40
150 291 40
150 313 40
150 315 40
150 318 40
150 321 40
159 8 28
159 31 28
159 32 28
159 33 28
159 51 28
159 53 28
159 55 28
159 71 28
159 72 28
159 108 28
159 110 28
159 121 28
159 165 28
159 172 28
159 176 28
159 192 28
159 207 28
159 225 28
159 235 28
159 243 28
159 250 28
159 276 28
159 290 28
159 291 28
159 313 28
159 315 28
159 318 28
159 321 28
164 8 19
164 31 19
164 32 19
164 33 19
164 51 19
164 53 19
164 55 19
164 71 19
164 72 19
164 108 19
164 110 19
164 121 19
164 165 19
164 172 19
164 176 19
164 192 19
164 207 19
164 225 19
164 235 19
164 243 19
164 250 19
164 276 19
164 290 19
164 291 19
164 313 19
164 315 19
164 318 19
164 321 19
198 8 45
198 31 45
198 32 45
198 33 45
198 51 45
198 53 45
198 55 45
198 71 45
198 72 45
198 108 45
198 110 45
198 121 45
198 165 45
198 172 45
198 176 45
198 192 45
198 207 45
198 225 45
198 235 45
198 243 45
198 250 45
198 276 45
198 290 45
198 291 45
198 313 45
198 315 45
198 318 45
198 321 45
214 8 47
214 31 47
214 32 47
214 33 47
214 51 47
214 53 47
214 55 47
214 71 47
214 72 47
214 108 47
214 110 47
214 121 47
214 165 47
214 172 47
214 176 47
214 192 47
214 207 47
214 225 47
214 235 47
214 243 47
214 250 47
214 276 47
214 290 47
214 291 47
214 313 47
214 315 47
214 318 47
214 321 47
246 8 25
246 31 25
246 32 25
246 33 25
246 51 25
246 53 25
246 55 25
246 71 25
246 72 25
246 108 25
246 110 25
246 121 25
246 165 25
246 172 25
246 176 25
246 192 25
246 207 25
246 225 25
246 235 25
246 243 25
246 250 25
246 276 25
246 290 25
246 291 25
246 313 25
246 315 25
246 318 25
246 321 25
319 8 34
319 31 34
319 32 34
319 33 34
319 51 34
319 53 34
319 55 34
319 71 34
319 72 34
319 108 34
319 110 34
319 121 34
319 165 34
319 172 34
319 176 34
319 192 34
319 207 34
319 225 34
319 235 34
319 243 34
319 250 34
319 276 34
319 290 34
319 291 34
319 313 34
319 315 34
319 318 34
319 321 34
341 8 32
341 31 32
341 32 32
341 33 32
341 51 32
341 53 32
341 55 32
341 71 32
341 72 32
341 108 32
341 110 32
341 121 32
341 165 32
341 172 32
341 176 32
341 192 32
341 207 32
341 225 32
341 235 32
341 243 32
341 250 32
341 276 32
341 290 32
341 291 32
341 313 32
341 315 32
341 318 32
341 321 32
4 5 1
4 22 1
4 23 1
4 24 1
4 179 1
4 180 1
4 213 1
4 229 1
4 259 1
4 260 1
4 266 1
4 340 1
52 5 1
52 22 1
52 23 1
52 24 1
52 179 1
52 180 1
52 213 1
52 229 1
52 259 1
52 260 1
52 266 1
52 340 1
55 5 1
55 22 1
55 23 1
55 24 1
55 179 1
55 180 1
55 213 1
55 229 1
55 259 1
55 260 1
55 266 1
55 340 1
66 5 43
66 22 43
66 23 43
66 24 43
66 179 43
66 180 43
66 213 43
66 229 43
66 259 43
66 260 43
66 266 43
66 340 43
72 5 42
72 22 42
72 23 42
72 24 42
72 179 42
72 180 42
72 213 42
72 229 42
72 259 42
72 260 42
72 266 42
72 340 42
78 5 20
78 22 20
78 23 20
78 24 20
78 179 20
78 180 20
78 213 20
78 229 20
78 259 20
78 260 20
78 266 20
78 340 20
98 5 40
98 22 40
98 23 40
98 24 40
98 179 40
98 180 40
98 213 40
98 229 40
98 259 40
98 260 40
98 266 40
98 340 40
108 5 33
108 22 33
108 23 33
108 24 33
108 179 33
108 180 33
108 213 33
108 229 33
108 259 33
108 260 33
108 266 33
108 340 33
149 5 35
149 22 35
149 23 35
149 24 35
149 179 35
149 180 35
149 213 35
149 229 35
149 259 35
149 260 35
149 266 35
149 340 35
156 5 28
156 22 28
156 23 28
156 24 28
156 179 28
156 180 28
156 213 28
156 229 28
156 259 28
156 260 28
156 266 28
156 340 28
183 5 42
183 22 42
183 23 42
183 24 42
183 179 42
183 180 42
183 213 42
183 229 42
183 259 42
183 260 42
183 266 42
183 340 42
212 5 20
212 22 20
212 23 20
212 24 20
212 179 20
212 180 20
212 213 20
212 229 20
212 259 20
212 260 20
212 266 20
212 340 20
254 5 40
254 22 40
254 23 40
254 24 40
254 179 40
254 180 40
254 213 40
254 229 40
254 259 40
254 260 40
254 266 40
254 340 40
329 5 48
329 22 48
329 23 48
329 24 48
329 179 48
329 180 48
329 213 48
329 229 48
329 259 48
329 260 48
329 266 48
329 340 48
334 5 19
334 22 19
334 23 19
334 24 19
334 179 19
334 180 19
334 213 19
334 229 19
334 259 19
334 260 19
334 266 19
334 340 19
5 6 1
5 25 1
5 26 1
5 27 1
5 54 1
5 91 1
5 104 1
5 117 1
5 123 1
5 127 1
5 129 1
5 144 1
5 168 1
5 183 1
5 212 1
5 224 1
5 226 1
5 254 1
5 256 1
5 265 1
5 292 1
5 302 1
5 332 1
5 345 1
5 349 1
89 6 50
89 25 50
89 26 50
89 27 50
89 54 50
89 91 50
89 104 50
89 117 50
89 123 50
89 127 50
89 129 50
89 144 50
89 168 50
89 183 50
89 212 50
89 224 50
89 226 50
89 254 50
89 256 50
89 265 50
89 292 50
89 302 50
89 332 50
89 345 50
89 349 50
110 6 43
110 25 43
110 26 43
110 27 43
110 54 43
110 91 43
110 104 43
110 117 43
110 123 43
110 127 43
110 129 43
110 144 43
110 168 43
110 183 43
110 212 43
110 224 43
110 226 43
110 254 43
110 256 43
110 265 43
110 292 43
110 302 43
110 332 43
110 345 43
110 349 43
196 6 35
196 25 35
196 26 35
196 27 35
196 54 35
196 91 35
196 104 35
196 117 35
196 123 35
196 127 35
196 129 35
196 144 35
196 168 35
196 183 35
196 212 35
196 224 35
196 226 35
196 254 35
196 256 35
196 265 35
196 292 35
196 302 35
196 332 35
196 345 35
196 349 35
211 6 26
211 25 26
211 26 26
211 27 26
211 54 26
211 91 26
211 104 26
211 117 26
211 123 26
211 127 26
211 129 26
211 144 26
211 168 26
211 183 26
211 212 26
211 224 26
211 226 26
211 254 26
211 256 26
211 265 26
211 292 26
211 302 26
211 332 26
211 345 26
211 349 26
228 6 20
228 25 20
228 26 20
228 27 20
228 54 20
228 91 20
228 104 20
228 117 20
228 123 20
228 127 20
228 129 20
228 144 20
228 168 20
228 183 20
228 212 20
228 224 20
228 226 20
228 254 20
228 256 20
228 265 20
228 292 20
228 302 20
228 332 20
228 345 20
228 349 20
253 6 34
253 25 34
253 26 34
253 27 34
253 54 34
253 91 34
253 104 34
253 117 34
253 123 34
253 127 34
253 129 34
253 144 34
253 168 34
253 183 34
253 212 34
253 224 34
253 226 34
253 254 34
253 256 34
253 265 34
253 292 34
253 302 34
253 332 34
253 345 34
253 349 34
255 6 48
255 25 48
255 26 48
255 27 48
255 54 48
255 91 48
255 104 48
255 117 48
255 123 48
255 127 48
255 129 48
255 144 48
255 168 48
255 183 48
255 212 48
255 224 48
255 226 48
255 254 48
255 256 48
255 265 48
255 292 48
255 302 48
255 332 48
255 345 48
255 349 48
268 6 24
268 25 24
268 26 24
268 27 24
268 54 24
268 91 24
268 104 24
268 117 24
268 123 24
268 127 24
268 129 24
268 144 24
268 168 24
268 183 24
268 212 24
268 224 24
268 226 24
268 254 24
268 256 24
268 265 24
268 292 24
268 302 24
268 332 24
268 345 24
268 349 24
288 6 34
288 25 34
288 26 34
288 27 34
288 54 34
288 91 34
288 104 34
288 117 34
288 123 34
288 127 34
288 129 34
288 144 34
288 168 34
288 183 34
288 212 34
288 224 34
288 226 34
288 254 34
288 256 34
288 265 34
288 292 34
288 302 34
288 332 34
288 345 34
288 349 34
296 6 47
296 25 47
296 26 47
296 27 47
296 54 47
296 91 47
296 104 47
296 117 47
296 123 47
296 127 47
296 129 47
296 144 47
296 168 47
296 183 47
296 212 47
296 224 47
296 226 47
296 254 47
296 256 47
296 265 47
296 292 47
296 302 47
296 332 47
296 345 47
296 349 47
315 6 40
315 25 40
315 26 40
315 27 40
315 54 40
315 91 40
315 104 40
315 117 40
315 123 40
315 127 40
315 129 40
315 144 40
315 168 40
315 183 40
315 212 40
315 224 40
315 226 40
315 254 40
315 256 40
315 265 40
315 292 40
315 302 40
315 332 40
315 345 40
315 349 40
326 6 48
326 25 48
326 26 48
326 27 48
326 54 48
326 91 48
326 104 48
326 117 48
326 123 48
326 127 48
326 129 48
326 144 48
326 168 48
326 183 48
326 212 48
326 224 48
326 226 48
326 254 48
326 256 48
326 265 48
326 292 48
326 302 48
326 332 48
326 345 48
326 349 48
348 6 39
348 25 39
348 26 39
348 27 39
348 54 39
348 91 39
348 104 39
348 117 39
348 123 39
348 127 39
348 129 39
348 144 39
348 168 39
348 183 39
348 212 39
348 224 39
348 226 39
348 254 39
348 256 39
348 265 39
348 292 39
348 302 39
348 332 39
348 345 39
348 349 39
21 66 1
21 69 1
21 101 1
21 115 1
21 116 1
21 131 1
21 153 1
21 162 1
21 191 1
21 205 1
21 209 1
21 269 1
21 282 1
21 304 1
21 309 1
21 310 1
21 320 1
21 324 1
21 327 1
21 335 1
21 337 1
25 66 1
25 69 1
25 101 1
25 115 1
25 116 1
25 131 1
25 153 1
25 162 1
25 191 1
25 205 1
25 209 1
25 269 1
25 282 1
25 304 1
25 309 1
25 310 1
25 320 1
25 324 1
25 327 1
25 335 1
25 337 1
28 66 1
28 69 1
28 101 1
28 115 1
28 116 1
28 131 1
28 153 1
28 162 1
28 191 1
28 205 1
28 209 1
28 269 1
28 282 1
28 304 1
28 309 1
28 310 1
28 320 1
28 324 1
28 327 1
28 335 1
28 337 1
33 66 1
33 69 1
33 101 1
33 115 1
33 116 1
33 131 1
33 153 1
33 162 1
33 191 1
33 205 1
33 209 1
33 269 1
33 282 1
33 304 1
33 309 1
33 310 1
33 320 1
33 324 1
33 327 1
33 335 1
33 337 1
35 66 1
35 69 1
35 101 1
35 115 1
35 116 1
35 131 1
35 153 1
35 162 1
35 191 1
35 205 1
35 209 1
35 269 1
35 282 1
35 304 1
35 309 1
35 310 1
35 320 1
35 324 1
35 327 1
35 335 1
35 337 1
39 66 1
39 69 1
39 101 1
39 115 1
39 116 1
39 131 1
39 153 1
39 162 1
39 191 1
39 205 1
39 209 1
39 269 1
39 282 1
39 304 1
39 309 1
39 310 1
39 320 1
39 324 1
39 327 1
39 335 1
39 337 1
40 66 1
40 69 1
40 101 1
40 115 1
40 116 1
40 131 1
40 153 1
40 162 1
40 191 1
40 205 1
40 209 1
40 269 1
40 282 1
40 304 1
40 309 1
40 310 1
40 320 1
40 324 1
40 327 1
40 335 1
40 337 1
45 66 1
45 69 1
45 101 1
45 115 1
45 116 1
45 131 1
45 153 1
45 162 1
45 191 1
45 205 1
45 209 1
45 269 1
45 282 1
45 304 1
45 309 1
45 310 1
45 320 1
45 324 1
45 327 1
45 335 1
45 337 1
75 66 48
75 69 48
75 101 48
75 115 48
75 116 48
75 131 48
75 153 48
75 162 48
75 191 48
75 205 48
75 209 48
75 269 48
75 282 48
75 304 48
75 309 48
75 310 48
75 320 48
75 324 48
75 327 48
75 335 48
75 337 48
121 66 20
121 69 20
121 101 20
121 115 20
121 116 20
121 131 20
121 153 20
121 162 20
121 191 20
121 205 20
121 209 20
121 269 20
121 282 20
121 304 20
121 309 20
121 310 20
121 320 20
121 324 20
121 327 20
121 335 20
121 337 20
136 66 18
136 69 18
136 101 18
136 115 18
136 116 18
136 131 18
136 153 18
136 162 18
136 191 18
136 205 18
136 209 18
136 269 18
136 282 18
136 304 18
136 309 18
136 310 18
136 320 18
136 324 18
136 327 18
136 335 18
136 337 18
145 66 40
145 69 40
145 101 40
145 115 40
145 116 40
145 131 40
145 153 40
145 162 40
145 191 40
145 205 40
145 209 40
145 269 40
145 282 40
145 304 40
145 309 40
145 310 40
145 320 40
145 324 40
145 327 40
145 335 40
145 337 40
165 66 35
165 69 35
165 101 35
165 115 35
165 116 35
165 131 35
165 153 35
165 162 35
165 191 35
165 205 35
165 209 35
165 269 35
165 282 35
165 304 35
165 309 35
165 310 35
165 320 35
165 324 35
165 327 35
165 335 35
165 337 35
166 66 49
166 69 49
166 101 49
166 115 49
166 116 49
166 131 49
166 153 49
166 162 49
166 191 49
166 205 49
166 209 49
166 269 49
166 282 49
166 304 49
166 309 49
166 310 49
166 320 49
166 324 49
166 327 49
166 335 49
166 337 49
180 66 47
180 69 47
180 101 47
180 115 47
180 116 47
180 131 47
180 153 47
180 162 47
180 191 47
180 205 47
180 209 47
180 269 47
180 282 47
180 304 47
180 309 47
180 310 47
180 320 47
180 324 47
180 327 47
180 335 47
180 337 47
188 66 34
188 69 34
188 101 34
188 115 34
188 116 34
188 131 34
188 153 34
188 162 34
188 191 34
188 205 34
188 209 34
188 269 34
188 282 34
188 304 34
188 309 34
188 310 34
188 320 34
188 324 34
188 327 34
188 335 34
188 337 34
195 66 45
195 69 45
195 101 45
195 115 45
195 116 45
195 131 45
195 153 45
195 162 45
195 191 45
195 205 45
195 209 45
195 269 45
195 282 45
195 304 45
195 309 45
195 310 45
195 320 45
195 324 45
195 327 45
195 335 45
195 337 45
199 66 50
199 69 50
199 101 50
199 115 50
199 116 50
199 131 50
199 153 50
199 162 50
199 191 50
199 205 50
199 209 50
199 269 50
199 282 50
199 304 50
199 309 50
199 310 50
199 320 50
199 324 50
199 327 50
199 335 50
199 337 50
210 66 41
210 69 41
210 101 41
210 115 41
210 116 41
210 131 41
210 153 41
210 162 41
210 191 41
210 205 41
210 209 41
210 269 41
210 282 41
210 304 41
210 309 41
210 310 41
210 320 41
210 324 41
210 327 41
210 335 41
210 337 41
224 66 29
224 69 29
224 101 29
224 115 29
224 116 29
224 131 29
224 153 29
224 162 29
224 191 29
224 205 29
224 209 29
224 269 29
224 282 29
224 304 29
224 309 29
224 310 29
224 320 29
224 324 29
224 327 29
224 335 29
224 337 29
230 66 33
230 69 33
230 101 33
230 115 33
230 116 33
230 131 33
230 153 33
230 162 33
230 191 33
230 205 33
230 209 33
230 269 33
230 282 33
230 304 33
230 309 33
230 310 33
230 320 33
230 324 33
230 327 33
230 335 33
230 337 33
259 66 40
259 69 40
259 101 40
259 115 40
259 116 40
259 131 40
259 153 40
259 162 40
259 191 40
259 205 40
259 209 40
259 269 40
259 282 40
259 304 40
259 309 40
259 310 40
259 320 40
259 324 40
259 327 40
259 335 40
259 337 40
283 66 23
283 69 23
283 101 23
283 115 23
283 116 23
283 131 23
283 153 23
283 162 23
283 191 23
283 205 23
283 209 23
283 269 23
283 282 23
283 304 23
283 309 23
283 310 23
283 320 23
283 324 23
283 327 23
283 335 23
283 337 23
290 66 20
290 69 20
290 101 20
290 115 20
290 116 20
290 131 20
290 153 20
290 162 20
290 191 20
290 205 20
290 209 20
290 269 20
290 282 20
290 304 20
290 309 20
290 310 20
290 320 20
290 324 20
290 327 20
290 335 20
290 337 20
313 66 21
313 69 21
313 101 21
313 115 21
313 116 21
313 131 21
313 153 21
313 162 21
313 191 21
313 205 21
313 209 21
313 269 21
313 282 21
313 304 21
313 309 21
313 310 21
313 320 21
313 324 21
313 327 21
313 335 21
313 337 21
322 66 31
322 69 31
322 101 31
322 115 31
322 116 31
322 131 31
322 153 31
322 162 31
322 191 31
322 205 31
322 209 31
322 269 31
322 282 31
322 304 31
322 309 31
322 310 31
322 320 31
322 324 31
322 327 31
322 335 31
322 337 31
10 11 1
10 40 1
10 41 1
10 42 1
10 50 1
10 65 1
10 68 1
10 70 1
10 89 1
10 134 1
10 135 1
10 137 1
10 146 1
10 166 1
10 208 1
10 214 1
10 257 1
10 283 1
10 286 1
10 314 1
10 322 1
10 343 1
88 11 34
88 40 34
88 41 34
88 42 34
88 50 34
88 65 34
88 68 34
88 70 34
88 89 34
88 134 34
88 135 34
88 137 34
88 146 34
88 166 34
88 208 34
88 214 34
88 257 34
88 283 34
88 286 34
88 314 34
88 322 34
88 343 34
95 11 44
95 40 44
95 41 44
95 42 44
95 50 44
95 65 44
95 68 44
95 70 44
95 89 44
95 134 44
95 135 44
95 137 44
95 146 44
95 166 44
95 208 44
95 214 44
95 257 44
95 283 44
95 286 44
95 314 44
95 322 44
95 343 44
132 11 33
132 40 33
132 41 33
132 42 33
132 50 33
132 65 33
132 68 33
132 70 33
132 89 33
132 134 33
132 135 33
132 137 33
132 146 33
132 166 33
132 208 33
132 214 33
132 257 33
132 283 33
132 286 33
132 314 33
132 322 33
132 343 33
138 11 20
138 40 20
138 41 20
138 42 20
138 50 20
138 65 20
138 68 20
138 70 20
138 89 20
138 134 20
138 135 20
138 137 20
138 146 20
138 166 20
138 208 20
138 214 20
138 257 20
138 283 20
138 286 20
138 314 20
138 322 20
138 343 20
163 11 26
163 40 26
163 41 26
163 42 26
163 50 26
163 65 26
163 68 26
163 70 26
163 89 26
163 134 26
163 135 26
163 137 26
163 146 26
163 166 26
163 208 26
163 214 26
163 257 26
163 283 26
163 286 26
163 314 26
163 322 26
163 343 26
194 11 41
194 40 41
194 41 41
194 42 41
194 50 41
194 65 41
194 68 41
194 70 41
194 89 41
194 134 41
194 135 41
194 137 41
194 146 41
194 166 41
194 208 41
194 214 41
194 257 41
194 283 41
194 286 41
194 314 41
194 322 41
194 343 41
204 11 21
204 40 21
204 41 21
204 42 21
204 50 21
204 65 21
204 68 21
204 70 21
204 89 21
204 134 21
204 135 21
204 137 21
204 146 21
204 166 21
204 208 21
204 214 21
204 257 21
204 283 21
204 286 21
204 314 21
204 322 21
204 343 21
220 11 21
220 40 21
220 41 21
220 42 21
220 50 21
220 65 21
220 68 21
220 70 21
220 89 21
220 134 21
220 135 21
220 137 21
220 146 21
220 166 21
220 208 21
220 214 21
220 257 21
220 283 21
220 286 21
220 314 21
220 322 21
220 343 21
231 11 49
231 40 49
231 41 49
231 42 49
231 50 49
231 65 49
231 68 49
231 70 49
231 89 49
231 134 49
231 135 49
231 137 49
231 146 49
231 166 49
231 208 49
231 214 49
231 257 49
231 283 49
231 286 49
231 314 49
231 322 49
231 343 49
233 11 25
233 40 25
233 41 25
233 42 25
233 50 25
233 65 25
233 68 25
233 70 25
233 89 25
233 134 25
233 135 25
233 137 25
233 146 25
233 166 25
233 208 25
233 214 25
233 257 25
233 283 25
233 286 25
233 314 25
233 322 25
233 343 25
249 11 25
249 40 25
249 41 25
249 42 25
249 50 25
249 65 25
249 68 25
249 70 25
249 89 25
249 134 25
249 135 25
249 137 25
249 146 25
249 166 25
249 208 25
249 214 25
249 257 25
249 283 25
249 286 25
249 314 25
249 322 25
249 343 25
275 11 50
275 40 50
275 41 50
275 42 50
275 50 50
275 65 50
275 68 50
275 70 50
275 89 50
275 134 50
275 135 50
275 137 50
275 146 50
275 166 50
275 208 50
275 214 50
275 257 50
275 283 50
275 286 50
275 314 50
275 322 50
275 343 50
292 11 28
292 40 28
292 41 28
292 42 28
292 50 28
292 65 28
292 68 28
292 70 28
292 89 28
292 134 28
292 135 28
292 137 28
292 146 28
292 166 28
292 208 28
292 214 28
292 257 28
292 283 28
292 286 28
292 314 28
292 322 28
292 343 28
294 11 33
294 40 33
294 41 33
294 42 33
294 50 33
294 65 33
294 68 33
294 70 33
294 89 33
294 134 33
294 135 33
294 137 33
294 146 33
294 166 33
294 208 33
294 214 33
294 257 33
294 283 33
294 286 33
294 314 33
294 322 33
294 343 33
307 11 46
307 40 46
307 41 46
307 42 46
307 50 46
307 65 46
307 68 46
307 70 46
307 89 46
307 134 46
307 135 46
307 137 46
307 146 46
307 166 46
307 208 46
307 214 46
307 257 46
307 283 46
307 286 46
307 314 46
307 322 46
307 343 46
309 11 34
309 40 34
309 41 34
309 42 34
309 50 34
309 65 34
309 68 34
309 70 34
309 89 34
309 134 34
309 135 34
309 137 34
309 146 34
309 166 34
309 208 34
309 214 34
309 257 34
309 283 34
309 286 34
309 314 34
309 322 34
309 343 34
311 11 38
311 40 38
311 41 38
311 42 38
311 50 38
311 65 38
311 68 38
311 70 38
311 89 38
311 134 38
311 135 38
311 137 38
311 146 38
311 166 38
311 208 38
311 214 38
311 257 38
311 283 38
311 286 38
311 314 38
311 322 38
311 343 38
320 11 37
320 40 37
320 41 37
320 42 37
320 50 37
320 65 37
320 68 37
320 70 37
320 89 37
320 134 37
320 135 37
320 137 37
320 146 37
320 166 37
320 208 37
320 214 37
320 257 37
320 283 37
320 286 37
320 314 37
320 322 37
320 343 37
324 11 21
324 40 21
324 41 21
324 42 21
324 50 21
324 65 21
324 68 21
324 70 21
324 89 21
324 134 21
324 135 21
324 137 21
324 146 21
324 166 21
324 208 21
324 214 21
324 257 21
324 283 21
324 286 21
324 314 21
324 322 21
324 343 21
345 11 36
345 40 36
345 41 36
345 42 36
345 50 36
345 65 36
345 68 36
345 70 36
345 89 36
345 134 36
345 135 36
345 137 36
345 146 36
345 166 36
345 208 36
345 214 36
345 257 36
345 283 36
345 286 36
345 314 36
345 322 36
345 343 36
8 9 1
8 34 1
8 35 1
8 36 1
8 81 1
8 85 1
8 100 1
8 105 1
8 112 1
8 128 1
8 145 1
8 161 1
8 193 1
8 217 1
8 245 1
8 272 1
8 279 1
8 287 1
8 289 1
8 341 1
8 344 1
56 9 1
56 34 1
56 35 1
56 36 1
56 81 1
56 85 1
56 100 1
56 105 1
56 112 1
56 128 1
56 145 1
56 161 1
56 193 1
56 217 1
56 245 1
56 272 1
56 279 1
56 287 1
56 289 1
56 341 1
56 344 1
68 9 48
68 34 48
68 35 48
68 36 48
68 81 48
68 85 48
68 100 48
68 105 48
68 112 48
68 128 48
68 145 48
68 161 48
68 193 48
68 217 48
68 245 48
68 272 48
68 279 48
68 287 48
68 289 48
68 341 48
68 344 48
97 9 48
97 34 48
97 35 48
97 36 48
97 81 48
97 85 48
97 100 48
97 105 48
97 112 48
97 128 48
97 145 48
97 161 48
97 193 48
97 217 48
97 245 48
97 272 48
97 279 48
97 287 48
97 289 48
97 341 48
97 344 48
109 9 45
109 34 45
109 35 45
109 36 45
109 81 45
109 85 45
109 100 45
109 105 45
109 112 45
109 128 45
109 145 45
109 161 45
109 193 45
109 217 45
109 245 45
109 272 45
109 279 45
109 287 45
109 289 45
109 341 45
109 344 45
114 9 18
114 34 18
114 35 18
114 36 18
114 81 18
114 85 18
114 100 18
114 105 18
114 112 18
114 128 18
114 145 18
114 161 18
114 193 18
114 217 18
114 245 18
114 272 18
114 279 18
114 287 18
114 289 18
114 341 18
114 344 18
117 9 42
117 34 42
117 35 42
117 36 42
117 81 42
117 85 42
117 100 42
117 105 42
117 112 42
117 128 42
117 145 42
117 161 42
117 193 42
117 217 42
117 245 42
117 272 42
117 279 42
117 287 42
117 289 42
117 341 42
117 344 42
126 9 30
126 34 30
126 35 30
126 36 30
126 81 30
126 85 30
126 100 30
126 105 30
126 112 30
126 128 30
126 145 30
126 161 30
126 193 30
126 217 30
126 245 30
126 272 30
126 279 30
126 287 30
126 289 30
126 341 30
126 344 30
139 9 40
139 34 40
139 35 40
139 36 40
139 81 40
139 85 40
139 100 40
139 105 40
139 112 40
139 128 40
139 145 40
139 161 40
139 193 40
139 217 40
139 245 40
139 272 40
139 279 40
139 287 40
139 289 40
139 341 40
139 344 40
186 9 23
186 34 23
186 35 23
186 36 23
186 81 23
186 85 23
186 100 23
186 105 23
186 112 23
186 128 23
186 145 23
186 161 23
186 193 23
186 217 23
186 245 23
186 272 23
186 279 23
186 287 23
186 289 23
186 341 23
186 344 23
201 9 23
201 34 23
201 35 23
201 36 23
201 81 23
201 85 23
201 100 23
201 105 23
201 112 23
201 128 23
201 145 23
201 161 23
201 193 23
201 217 23
201 245 23
201 272 23
201 279 23
201 287 23
201 289 23
201 341 23
201 344 23
216 9 29
216 34 29
216 35 29
216 36 29
216 81 29
216 85 29
216 100 29
216 105 29
216 112 29
216 128 29
216 145 29
216 161 29
216 193 29
216 217 29
216 245 29
216 272 29
216 279 29
216 287 29
216 289 29
216 341 29
216 344 29
222 9 23
222 34 23
222 35 23
222 36 23
222 81 23
222 85 23
222 100 23
222 105 23
222 112 23
222 128 23
222 145 23
222 161 23
222 193 23
222 217 23
222 245 23
222 272 23
222 279 23
222 287 23
222 289 23
222 341 23
222 344 23
234 9 24
234 34 24
234 35 24
234 36 24
234 81 24
234 85 24
234 100 24
234 105 24
234 112 24
234 128 24
234 145 24
234 161 24
234 193 24
234 217 24
234 245 24
234 272 24
234 279 24
234 287 24
234 289 24
234 341 24
234 344 24
241 9 28
241 34 28
241 35 28
241 36 28
241 81 28
241 85 28
241 100 28
241 105 28
241 112 28
241 128 28
241 145 28
241 161 28
241 193 28
241 217 28
241 245 28
241 272 28
241 279 28
241 287 28
241 289 28
241 341 28
241 344 28
11 12 1
11 43 1
11 44 1
11 45 1
11 49 1
11 56 1
11 124 1
11 185 1
11 203 1
11 206 1
11 222 1
11 239 1
11 246 1
11 258 1
11 299 1
11 303 1
11 307 1
11 319 1
11 330 1
71 12 49
71 43 49
71 44 49
71 45 49
71 49 49
71 56 49
71 124 49
71 185 49
71 203 49
71 206 49
71 222 49
71 239 49
71 246 49
71 258 49
71 299 49
71 303 49
71 307 49
71 319 49
71 330 49
74 12 36
74 43 36
74 44 36
74 45 36
74 49 36
74 56 36
74 124 36
74 185 36
74 203 36
74 206 36
74 222 36
74 239 36
74 246 36
74 258 36
74 299 36
74 303 36
74 307 36
74 319 36
74 330 36
96 12 38
96 43 38
96 44 38
96 45 38
96 49 38
96 56 38
96 124 38
96 185 38
96 203 38
96 206 38
96 222 38
96 239 38
96 246 38
96 258 38
96 299 38
96 303 38
96 307 38
96 319 38
96 330 38
142 12 48
142 43 48
142 44 48
142 45 48
142 49 48
142 56 48
142 124 48
142 185 48
142 203 48
142 206 48
142 222 48
142 239 48
142 246 48
142 258 48
142 299 48
142 303 48
142 307 48
142 319 48
142 330 48
147 12 36
147 43 36
147 44 36
147 45 36
147 49 36
147 56 36
147 124 36
147 185 36
147 203 36
147 206 36
147 222 36
147 239 36
147 246 36
147 258 36
147 299 36
147 303 36
147 307 36
147 319 36
147 330 36
192 12 39
192 43 39
192 44 39
192 45 39
192 49 39
192 56 39
192 124 39
192 185 39
192 203 39
192 206 39
192 222 39
192 239 39
192 246 39
192 258 39
192 299 39
192 303 39
192 307 39
192 319 39
192 330 39
209 12 37
209 43 37
209 44 37
209 45 37
209 49 37
209 56 37
209 124 37
209 185 37
209 203 37
209 206 37
209 222 37
209 239 37
209 246 37
209 258 37
209 299 37
209 303 37
209 307 37
209 319 37
209 330 37
227 12 34
227 43 34
227 44 34
227 45 34
227 49 34
227 56 34
227 124 34
227 185 34
227 203 34
227 206 34
227 222 34
227 239 34
227 246 34
227 258 34
227 299 34
227 303 34
227 307 34
227 319 34
227 330 34
236 12 19
236 43 19
236 44 19
236 45 19
236 49 19
236 56 19
236 124 19
236 185 19
236 203 19
236 206 19
236 222 19
236 239 19
236 246 19
236 258 19
236 299 19
236 303 19
236 307 19
236 319 19
236 330 19
252 12 29
252 43 29
252 44 29
252 45 29
252 49 29
252 56 29
252 124 29
252 185 29
252 203 29
252 206 29
252 222 29
252 239 29
252 246 29
252 258 29
252 299 29
252 303 29
252 307 29
252 319 29
252 330 29
257 12 18
257 43 18
257 44 18
257 45 18
257 49 18
257 56 18
257 124 18
257 185 18
257 203 18
257 206 18
257 222 18
257 239 18
257 246 18
257 258 18
257 299 18
257 303 18
257 307 18
257 319 18
257 330 18
298 12 41
298 43 41
298 44 41
298 45 41
298 49 41
298 56 41
298 124 41
298 185 41
298 203 41
298 206 41
298 222 41
298 239 41
298 246 41
298 258 41
298 299 41
298 303 41
298 307 41
298 319 41
298 330 41
338 12 26
338 43 26
338 44 26
338 45 26
338 49 26
338 56 26
338 124 26
338 185 26
338 203 26
338 206 26
338 222 26
338 239 26
338 246 26
338 258 26
338 299 26
338 303 26
338 307 26
338 319 26
338 330 26
3 4 1
3 19 1
3 20 1
3 21 1
3 75 1
3 78 1
3 79 1
3 93 1
3 96 1
3 97 1
3 147 1
3 156 1
3 170 1
3 173 1
3 178 1
3 182 1
3 196 1
3 234 1
3 237 1
3 264 1
3 305 1
3 336 1
3 338 1
51 4 1
51 19 1
51 20 1
51 21 1
51 75 1
51 78 1
51 79 1
51 93 1
51 96 1
51 97 1
51 147 1
51 156 1
51 170 1
51 173 1
51 178 1
51 182 1
51 196 1
51 234 1
51 237 1
51 264 1
51 305 1
51 336 1
51 338 1
54 4 1
54 19 1
54 20 1
54 21 1
54 75 1
54 78 1
54 79 1
54 93 1
54 96 1
54 97 1
54 147 1
54 156 1
54 170 1
54 173 1
54 178 1
54 182 1
54 196 1
54 234 1
54 237 1
54 264 1
54 305 1
54 336 1
54 338 1
100 4 18
100 19 18
100 20 18
100 21 18
100 75 18
100 78 18
100 79 18
100 93 18
100 96 18
100 97 18
100 147 18
100 156 18
100 170 18
100 173 18
100 178 18
100 182 18
100 196 18
100 234 18
100 237 18
100 264 18
100 305 18
100 336 18
100 338 18
107 4 50
107 19 50
107 20 50
107 21 50
107 75 50
107 78 50
107 79 50
107 93 50
107 96 50
107 97 50
107 147 50
107 156 50
107 170 50
107 173 50
107 178 50
107 182 50
107 196 50
107 234 50
107 237 50
107 264 50
107 305 50
107 336 50
107 338 50
176 4 40
176 19 40
176 20 40
176 21 40
176 75 40
176 78 40
176 79 40
176 93 40
176 96 40
176 97 40
176 147 40
176 156 40
176 170 40
176 173 40
176 178 40
176 182 40
176 196 40
176 234 40
176 237 40
176 264 40
176 305 40
176 336 40
176 338 40
185 4 38
185 19 38
185 20 38
185 21 38
185 75 38
185 78 38
185 79 38
185 93 38
185 96 38
185 97 38
185 147 38
185 156 38
185 170 38
185 173 38
185 178 38
185 182 38
185 196 38
185 234 38
185 237 38
185 264 38
185 305 38
185 336 38
185 338 38
202 4 28
202 19 28
202 20 28
202 21 28
202 75 28
202 78 28
202 79 28
202 93 28
202 96 28
202 97 28
202 147 28
202 156 28
202 170 28
202 173 28
202 178 28
202 182 28
202 196 28
202 234 28
202 237 28
202 264 28
202 305 28
202 336 28
202 338 28
205 4 49
205 19 49
205 20 49
205 21 49
205 75 49
205 78 49
205 79 49
205 93 49
205 96 49
205 97 49
205 147 49
205 156 49
205 170 49
205 173 49
205 178 49
205 182 49
205 196 49
205 234 49
205 237 49
205 264 49
205 305 49
205 336 49
205 338 49
217 4 46
217 19 46
217 20 46
217 21 46
217 75 46
217 78 46
217 79 46
217 93 46
217 96 46
217 97 46
217 147 46
217 156 46
217 170 46
217 173 46
217 178 46
217 182 46
217 196 46
217 234 46
217 237 46
217 264 46
217 305 46
217 336 46
217 338 46
223 4 23
223 19 23
223 20 23
223 21 23
223 75 23
223 78 23
223 79 23
223 93 23
223 96 23
223 97 23
223 147 23
223 156 23
223 170 23
223 173 23
223 178 23
223 182 23
223 196 23
223 234 23
223 237 23
223 264 23
223 305 23
223 336 23
223 338 23
238 4 48
238 19 48
238 20 48
238 21 48
238 75 48
238 78 48
238 79 48
238 93 48
238 96 48
238 97 48
238 147 48
238 156 48
238 170 48
238 173 48
238 178 48
238 182 48
238 196 48
238 234 48
238 237 48
238 264 48
238 305 48
238 336 48
238 338 48
242 4 24
242 19 24
242 20 24
242 21 24
242 75 24
242 78 24
242 79 24
242 93 24
242 96 24
242 97 24
242 147 24
242 156 24
242 170 24
242 173 24
242 178 24
242 182 24
242 196 24
242 234 24
242 237 24
242 264 24
242 305 24
242 336 24
242 338 24
256 4 41
256 19 41
256 20 41
256 21 41
256 75 41
256 78 41
256 79 41
256 93 41
256 96 41
256 97 41
256 147 41
256 156 41
256 170 41
256 173 41
256 178 41
256 182 41
256 196 41
256 234 41
256 237 41
256 264 41
256 305 41
256 336 41
256 338 41
281 4 36
281 19 36
281 20 36
281 21 36
281 75 36
281 78 36
281 79 36
281 93 36
281 96 36
281 97 36
281 147 36
281 156 36
281 170 36
281 173 36
281 178 36
281 182 36
281 196 36
281 234 36
281 237 36
281 264 36
281 305 36
281 336 36
281 338 36
286 4 48
286 19 48
286 20 48
286 21 48
286 75 48
286 78 48
286 79 48
286 93 48
286 96 48
286 97 48
286 147 48
286 156 48
286 170 48
286 173 48
286 178 48
286 182 48
286 196 48
286 234 48
286 237 48
286 264 48
286 305 48
286 336 48
286 338 48
297 4 24
297 19 24
297 20 24
297 21 24
297 75 24
297 78 24
297 79 24
297 93 24
297 96 24
297 97 24
297 147 24
297 156 24
297 170 24
297 173 24
297 178 24
297 182 24
297 196 24
297 234 24
297 237 24
297 264 24
297 305 24
297 336 24
297 338 24
300 4 39
300 19 39
300 20 39
300 21 39
300 75 39
300 78 39
300 79 39
300 93 39
300 96 39
300 97 39
300 147 39
300 156 39
300 170 39
300 173 39
300 178 39
300 182 39
300 196 39
300 234 39
300 237 39
300 264 39
300 305 39
300 336 39
300 338 39
301 4 32
301 19 32
301 20 32
301 21 32
301 75 32
301 78 32
301 79 32
301 93 32
301 96 32
301 97 32
301 147 32
301 156 32
301 170 32
301 173 32
301 178 32
301 182 32
301 196 32
301 234 32
301 237 32
301 264 32
301 305 32
301 336 32
301 338 32
325 4 26
325 19 26
325 20 26
325 21 26
325 75 26
325 78 26
325 79 26
325 93 26
325 96 26
325 97 26
325 147 26
325 156 26
325 170 26
325 173 26
325 178 26
325 182 26
325 196 26
325 234 26
325 237 26
325 264 26
325 305 26
325 336 26
325 338 26
330 4 34
330 19 34
330 20 34
330 21 34
330 75 34
330 78 34
330 79 34
330 93 34
330 96 34
330 97 34
330 147 34
330 156 34
330 170 34
330 173 34
330 178 34
330 182 34
330 196 34
330 234 34
330 237 34
330 264 34
330 305 34
330 336 34
330 338 34
331 4 22
331 19 22
331 20 22
331 21 22
331 75 22
331 78 22
331 79 22
331 93 22
331 96 22
331 97 22
331 147 22
331 156 22
331 170 22
331 173 22
331 178 22
331 182 22
331 196 22
331 234 22
331 237 22
331 264 22
331 305 22
331 336 22
331 338 22
339 4 38
339 19 38
339 20 38
339 21 38
339 75 38
339 78 38
339 79 38
339 93 38
339 96 38
339 97 38
339 147 38
339 156 38
339 170 38
339 173 38
339 178 38
339 182 38
339 196 38
339 234 38
339 237 38
339 264 38
339 305 38
339 336 38
339 338 38
340 4 33
340 19 33
340 20 33
340 21 33
340 75 33
340 78 33
340 79 33
340 93 33
340 96 33
340 97 33
340 147 33
340 156 33
340 170 33
340 173 33
340 178 33
340 182 33
340 196 33
340 234 33
340 237 33
340 264 33
340 305 33
340 336 33
340 338 33
342 4 36
342 19 36
342 20 36
342 21 36
342 75 36
342 78 36
342 79 36
342 93 36
342 96 36
342 97 36
342 147 36
342 156 36
342 170 36
342 173 36
342 178 36
342 182 36
342 196 36
342 234 36
342 237 36
342 264 36
342 305 36
342 336 36
342 338 36
2 3 2
2 16 2
2 17 2
2 18 2
2 109 2
2 113 2
2 118 2
2 136 2
2 141 2
2 171 2
2 194 2
2 199 2
2 223 2
2 271 2
2 275 2
2 280 2
62 3 50
62 16 50
62 17 50
62 18 50
62 109 50
62 113 50
62 118 50
62 136 50
62 141 50
62 171 50
62 194 50
62 199 50
62 223 50
62 271 50
62 275 50
62 280 50
63 3 46
63 16 46
63 17 46
63 18 46
63 109 46
63 113 46
63 118 46
63 136 46
63 141 46
63 171 46
63 194 46
63 199 46
63 223 46
63 271 46
63 275 46
63 280 46
67 3 47
67 16 47
67 17 47
67 18 47
67 109 47
67 113 47
67 118 47
67 136 47
67 141 47
67 171 47
67 194 47
67 199 47
67 223 47
67 271 47
67 275 47
67 280 47
76 3 36
76 16 36
76 17 36
76 18 36
76 109 36
76 113 36
76 118 36
76 136 36
76 141 36
76 171 36
76 194 36
76 199 36
76 223 36
76 271 36
76 275 36
76 280 36
85 3 49
85 16 49
85 17 49
85 18 49
85 109 49
85 113 49
85 118 49
85 136 49
85 141 49
85 171 49
85 194 49
85 199 49
85 223 49
85 271 49
85 275 49
85 280 49
111 3 20
111 16 20
111 17 20
111 18 20
111 109 20
111 113 20
111 118 20
111 136 20
111 141 20
111 171 20
111 194 20
111 199 20
111 223 20
111 271 20
111 275 20
111 280 20
120 3 41
120 16 41
120 17 41
120 18 41
120 109 41
120 113 41
120 118 41
120 136 41
120 141 41
120 171 41
120 194 41
120 199 41
120 223 41
120 271 41
120 275 41
120 280 41
127 3 28
127 16 28
127 17 28
127 18 28
127 109 28
127 113 28
127 118 28
127 136 28
127 141 28
127 171 28
127 194 28
127 199 28
127 223 28
127 271 28
127 275 28
127 280 28
129 3 33
129 16 33
129 17 33
129 18 33
129 109 33
129 113 33
129 118 33
129 136 33
129 141 33
129 171 33
129 194 33
129 199 33
129 223 33
129 271 33
129 275 33
129 280 33
148 3 25
148 16 25
148 17 25
148 18 25
148 109 25
148 113 25
148 118 25
148 136 25
148 141 25
148 171 25
148 194 25
148 199 25
148 223 25
148 271 25
148 275 25
148 280 25
177 3 25
177 16 25
177 17 25
177 18 25
177 109 25
177 113 25
177 118 25
177 136 25
177 141 25
177 171 25
177 194 25
177 199 25
177 223 25
177 271 25
177 275 25
177 280 25
189 3 45
189 16 45
189 17 45
189 18 45
189 109 45
189 113 45
189 118 45
189 136 45
189 141 45
189 171 45
189 194 45
189 199 45
189 223 45
189 271 45
189 275 45
189 280 45
190 3 39
190 16 39
190 17 39
190 18 39
190 109 39
190 113 39
190 118 39
190 136 39
190 141 39
190 171 39
190 194 39
190 199 39
190 223 39
190 271 39
190 275 39
190 280 39
221 3 50
221 16 50
221 17 50
221 18 50
221 109 50
221 113 50
221 118 50
221 136 50
221 141 50
221 171 50
221 194 50
221 199 50
221 223 50
221 271 50
221 275 50
221 280 50
226 3 20
226 16 20
226 17 20
226 18 20
226 109 20
226 113 20
226 118 20
226 136 20
226 141 20
226 171 20
226 194 20
226 199 20
226 223 20
226 271 20
226 275 20
226 280 20
232 3 25
232 16 25
232 17 25
232 18 25
232 109 25
232 113 25
232 118 25
232 136 25
232 141 25
232 171 25
232 194 25
232 199 25
232 223 25
232 271 25
232 275 25
232 280 25
267 3 34
267 16 34
267 17 34
267 18 34
267 109 34
267 113 34
267 118 34
267 136 34
267 141 34
267 171 34
267 194 34
267 199 34
267 223 34
267 271 34
267 275 34
267 280 34
276 3 40
276 16 40
276 17 40
276 18 40
276 109 40
276 113 40
276 118 40
276 136 40
276 141 40
276 171 40
276 194 40
276 199 40
276 223 40
276 271 40
276 275 40
276 280 40
279 3 38
279 16 38
279 17 38
279 18 38
279 109 38
279 113 38
279 118 38
279 136 38
279 141 38
279 171 38
279 194 38
279 199 38
279 223 38
279 271 38
279 275 38
279 280 38
302 3 26
302 16 26
302 17 26
302 18 26
302 109 26
302 113 26
302 118 26
302 136 26
302 141 26
302 171 26
302 194 26
302 199 26
302 223 26
302 271 26
302 275 26
302 280 26
312 3 20
312 16 20
312 17 20
312 18 20
312 109 20
312 113 20
312 118 20
312 136 20
312 141 20
312 171 20
312 194 20
312 199 20
312 223 20
312 271 20
312 275 20
312 280 20
335 3 41
335 16 41
335 17 41
335 18 41
335 109 41
335 113 41
335 118 41
335 136 41
335 141 41
335 171 41
335 194 41
335 199 41
335 223 41
335 271 41
335 275 41
335 280 41
336 3 19
336 16 19
336 17 19
336 18 19
336 109 19
336 113 19
336 118 19
336 136 19
336 141 19
336 171 19
336 194 19
336 199 19
336 223 19
336 271 19
336 275 19
336 280 19
20 61 1
20 63 1
20 76 1
20 77 1
20 88 1
20 90 1
20 95 1
20 99 1
20 114 1
20 119 1
20 120 1
20 125 1
20 159 1
20 190 1
20 197 1
20 249 1
20 251 1
20 261 1
20 285 1
20 288 1
20 317 1
20 350 1
20 351 1
24 61 1
24 63 1
24 76 1
24 77 1
24 88 1
24 90 1
24 95 1
24 99 1
24 114 1
24 119 1
24 120 1
24 125 1
24 159 1
24 190 1
24 197 1
24 249 1
24 251 1
24 261 1
24 285 1
24 288 1
24 317 1
24 350 1
24 351 1
29 61 1
29 63 1
29 76 1
29 77 1
29 88 1
29 90 1
29 95 1
29 99 1
29 114 1
29 119 1
29 120 1
29 125 1
29 159 1
29 190 1
29 197 1
29 249 1
29 251 1
29 261 1
29 285 1
29 288 1
29 317 1
29 350 1
29 351 1
31 61 1
31 63 1
31 76 1
31 77 1
31 88 1
31 90 1
31 95 1
31 99 1
31 114 1
31 119 1
31 120 1
31 125 1
31 159 1
31 190 1
31 197 1
31 249 1
31 251 1
31 261 1
31 285 1
31 288 1
31 317 1
31 350 1
31 351 1
36 61 1
36 63 1
36 76 1
36 77 1
36 88 1
36 90 1
36 95 1
36 99 1
36 114 1
36 119 1
36 120 1
36 125 1
36 159 1
36 190 1
36 197 1
36 249 1
36 251 1
36 261 1
36 285 1
36 288 1
36 317 1
36 350 1
36 351 1
37 61 1
37 63 1
37 76 1
37 77 1
37 88 1
37 90 1
37 95 1
37 99 1
37 114 1
37 119 1
37 120 1
37 125 1
37 159 1
37 190 1
37 197 1
37 249 1
37 251 1
37 261 1
37 285 1
37 288 1
37 317 1
37 350 1
37 351 1
46 61 1
46 63 1
46 76 1
46 77 1
46 88 1
46 90 1
46 95 1
46 99 1
46 114 1
46 119 1
46 120 1
46 125 1
46 159 1
46 190 1
46 197 1
46 249 1
46 251 1
46 261 1
46 285 1
46 288 1
46 317 1
46 350 1
46 351 1
57 61 1
57 63 1
57 76 1
57 77 1
57 88 1
57 90 1
57 95 1
57 99 1
57 114 1
57 119 1
57 120 1
57 125 1
57 159 1
57 190 1
57 197 1
57 249 1
57 251 1
57 261 1
57 285 1
57 288 1
57 317 1
57 350 1
57 351 1
58 61 1
58 63 1
58 76 1
58 77 1
58 88 1
58 90 1
58 95 1
58 99 1
58 114 1
58 119 1
58 120 1
58 125 1
58 159 1
58 190 1
58 197 1
58 249 1
58 251 1
58 261 1
58 285 1
58 288 1
58 317 1
58 350 1
58 351 1
64 61 41
64 63 41
64 76 41
64 77 41
64 88 41
64 90 41
64 95 41
64 99 41
64 114 41
64 119 41
64 120 41
64 125 41
64 159 41
64 190 41
64 197 41
64 249 41
64 251 41
64 261 41
64 285 41
64 288 41
64 317 41
64 350 41
64 351 41
79 61 23
79 63 23
79 76 23
79 77 23
79 88 23
79 90 23
79 95 23
79 99 23
79 114 23
79 119 23
79 120 23
79 125 23
79 159 23
79 190 23
79 197 23
79 249 23
79 251 23
79 261 23
79 285 23
79 288 23
79 317 23
79 350 23
79 351 23
83 61 31
83 63 31
83 76 31
83 77 31
83 88 31
83 90 31
83 95 31
83 99 31
83 114 31
83 119 31
83 120 31
83 125 31
83 159 31
83 190 31
83 197 31
83 249 31
83 251 31
83 261 31
83 285 31
83 288 31
83 317 31
83 350 31
83 351 31
84 61 21
84 63 21
84 76 21
84 77 21
84 88 21
84 90 21
84 95 21
84 99 21
84 114 21
84 119 21
84 120 21
84 125 21
84 159 21
84 190 21
84 197 21
84 249 21
84 251 21
84 261 21
84 285 21
84 288 21
84 317 21
84 350 21
84 351 21
92 61 29
92 63 29
92 76 29
92 77 29
92 88 29
92 90 29
92 95 29
92 99 29
92 114 29
92 119 29
92 120 29
92 125 29
92 159 29
92 190 29
92 197 29
92 249 29
92 251 29
92 261 29
92 285 29
92 288 29
92 317 29
92 350 29
92 351 29
93 61 22
93 63 22
93 76 22
93 77 22
93 88 22
93 90 22
93 95 22
93 99 22
93 114 22
93 119 22
93 120 22
93 125 22
93 159 22
93 190 22
93 197 22
93 249 22
93 251 22
93 261 22
93 285 22
93 288 22
93 317 22
93 350 22
93 351 22
103 61 30
103 63 30
103 76 30
103 77 30
103 88 30
103 90 30
103 95 30
103 99 30
103 114 30
103 119 30
103 120 30
103 125 30
103 159 30
103 190 30
103 197 30
103 249 30
103 251 30
103 261 30
103 285 30
103 288 30
103 317 30
103 350 30
103 351 30
112 61 34
112 63 34
112 76 34
112 77 34
112 88 34
112 90 34
112 95 34
112 99 34
112 114 34
112 119 34
112 120 34
112 125 34
112 159 34
112 190 34
112 197 34
112 249 34
112 251 34
112 261 34
112 285 34
112 288 34
112 317 34
112 350 34
112 351 34
113 61 34
113 63 34
113 76 34
113 77 34
113 88 34
113 90 34
113 95 34
113 99 34
113 114 34
113 119 34
113 120 34
113 125 34
113 159 34
113 190 34
113 197 34
113 249 34
113 251 34
113 261 34
113 285 34
113 288 34
113 317 34
113 350 34
113 351 34
134 61 43
134 63 43
134 76 43
134 77 43
134 88 43
134 90 43
134 95 43
134 99 43
134 114 43
134 119 43
134 120 43
134 125 43
134 159 43
134 190 43
134 197 43
134 249 43
134 251 43
134 261 43
134 285 43
134 288 43
134 317 43
134 350 43
134 351 43
173 61 30
173 63 30
173 76 30
173 77 30
173 88 30
173 90 30
173 95 30
173 99 30
173 114 30
173 119 30
173 120 30
173 125 30
173 159 30
173 190 30
173 197 30
173 249 30
173 251 30
173 261 30
173 285 30
173 288 30
173 317 30
173 350 30
173 351 30
175 61 48
175 63 48
175 76 48
175 77 48
175 88 48
175 90 48
175 95 48
175 99 48
175 114 48
175 119 48
175 120 48
175 125 48
175 159 48
175 190 48
175 197 48
175 249 48
175 251 48
175 261 48
175 285 48
175 288 48
175 317 48
175 350 48
175 351 48
179 61 38
179 63 38
179 76 38
179 77 38
179 88 38
179 90 38
179 95 38
179 99 38
179 114 38
179 119 38
179 120 38
179 125 38
179 159 38
179 190 38
179 197 38
179 249 38
179 251 38
179 261 38
179 285 38
179 288 38
179 317 38
179 350 38
179 351 38
208 61 43
208 63 43
208 76 43
208 77 43
208 88 43
208 90 43
208 95 43
208 99 43
208 114 43
208 119 43
208 120 43
208 125 43
208 159 43
208 190 43
208 197 43
208 249 43
208 251 43
208 261 43
208 285 43
208 288 43
208 317 43
208 350 43
208 351 43
219 61 29
219 63 29
219 76 29
219 77 29
219 88 29
219 90 29
219 95 29
219 99 29
219 114 29
219 119 29
219 120 29
219 125 29
219 159 29
219 190 29
219 197 29
219 249 29
219 251 29
219 261 29
219 285 29
219 288 29
219 317 29
219 350 29
219 351 29
235 61 30
235 63 30
235 76 30
235 77 30
235 88 30
235 90 30
235 95 30
235 99 30
235 114 30
235 119 30
235 120 30
235 125 30
235 159 30
235 190 30
235 197 30
235 249 30
235 251 30
235 261 30
235 285 30
235 288 30
235 317 30
235 350 30
235 351 30
247 61 41
247 63 41
247 76 41
247 77 41
247 88 41
247 90 41
247 95 41
247 99 41
247 114 41
247 119 41
247 120 41
247 125 41
247 159 41
247 190 41
247 197 41
247 249 41
247 251 41
247 261 41
247 285 41
247 288 41
247 317 41
247 350 41
247 351 41
262 61 32
262 63 32
262 76 32
262 77 32
262 88 32
262 90 32
262 95 32
262 99 32
262 114 32
262 119 32
262 120 32
262 125 32
262 159 32
262 190 32
262 197 32
262 249 32
262 251 32
262 261 32
262 285 32
262 288 32
262 317 32
262 350 32
262 351 32
270 61 28
270 63 28
270 76 28
270 77 28
270 88 28
270 90 28
270 95 28
270 99 28
270 114 28
270 119 28
270 120 28
270 125 28
270 159 28
270 190 28
270 197 28
270 249 28
270 251 28
270 261 28
270 285 28
270 288 28
270 317 28
270 350 28
270 351 28
305 61 24
305 63 24
305 76 24
305 77 24
305 88 24
305 90 24
305 95 24
305 99 24
305 114 24
305 119 24
305 120 24
305 125 24
305 159 24
305 190 24
305 197 24
305 249 24
305 251 24
305 261 24
305 285 24
305 288 24
305 317 24
305 350 24
305 351 24
321 61 30
321 63 30
321 76 30
321 77 30
321 88 30
321 90 30
321 95 30
321 99 30
321 114 30
321 119 30
321 120 30
321 125 30
321 159 30
321 190 30
321 197 30
321 249 30
321 251 30
321 261 30
321 285 30
321 288 30
321 317 30
321 350 30
321 351 30
9 10 1
9 37 1
9 38 1
9 39 1
9 67 1
9 73 1
9 103 1
9 111 1
9 126 1
9 138 1
9 143 1
9 148 1
9 152 1
9 157 1
9 186 1
9 202 1
9 204 1
9 228 1
9 236 1
9 252 1
9 263 1
9 270 1
9 273 1
9 274 1
9 277 1
9 293 1
9 323 1
9 328 1
9 339 1
80 10 30
80 37 30
80 38 30
80 39 30
80 67 30
80 73 30
80 103 30
80 111 30
80 126 30
80 138 30
80 143 30
80 148 30
80 152 30
80 157 30
80 186 30
80 202 30
80 204 30
80 228 30
80 236 30
80 252 30
80 263 30
80 270 30
80 273 30
80 274 30
80 277 30
80 293 30
80 323 30
80 328 30
80 339 30
82 10 44
82 37 44
82 38 44
82 39 44
82 67 44
82 73 44
82 103 44
82 111 44
82 126 44
82 138 44
82 143 44
82 148 44
82 152 44
82 157 44
82 186 44
82 202 44
82 204 44
82 228 44
82 236 44
82 252 44
82 263 44
82 270 44
82 273 44
82 274 44
82 277 44
82 293 44
82 323 44
82 328 44
82 339 44
87 10 30
87 37 30
87 38 30
87 39 30
87 67 30
87 73 30
87 103 30
87 111 30
87 126 30
87 138 30
87 143 30
87 148 30
87 152 30
87 157 30
87 186 30
87 202 30
87 204 30
87 228 30
87 236 30
87 252 30
87 263 30
87 270 30
87 273 30
87 274 30
87 277 30
87 293 30
87 323 30
87 328 30
87 339 30
90 10 48
90 37 48
90 38 48
90 39 48
90 67 48
90 73 48
90 103 48
90 111 48
90 126 48
90 138 48
90 143 48
90 148 48
90 152 48
90 157 48
90 186 48
90 202 48
90 204 48
90 228 48
90 236 48
90 252 48
90 263 48
90 270 48
90 273 48
90 274 48
90 277 48
90 293 48
90 323 48
90 328 48
90 339 48
128 10 34
128 37 34
128 38 34
128 39 34
128 67 34
128 73 34
128 103 34
128 111 34
128 126 34
128 138 34
128 143 34
128 148 34
128 152 34
128 157 34
128 186 34
128 202 34
128 204 34
128 228 34
128 236 34
128 252 34
128 263 34
128 270 34
128 273 34
128 274 34
128 277 34
128 293 34
128 323 34
128 328 34
128 339 34
133 10 32
133 37 32
133 38 32
133 39 32
133 67 32
133 73 32
133 103 32
133 111 32
133 126 32
133 138 32
133 143 32
133 148 32
133 152 32
133 157 32
133 186 32
133 202 32
133 204 32
133 228 32
133 236 32
133 252 32
133 263 32
133 270 32
133 273 32
133 274 32
133 277 32
133 293 32
133 323 32
133 328 32
133 339 32
171 10 23
171 37 23
171 38 23
171 39 23
171 67 23
171 73 23
171 103 23
171 111 23
171 126 23
171 138 23
171 143 23
171 148 23
171 152 23
171 157 23
171 186 23
171 202 23
171 204 23
171 228 23
171 236 23
171 252 23
171 263 23
171 270 23
171 273 23
171 274 23
171 277 23
171 293 23
171 323 23
171 328 23
171 339 23
181 10 41
181 37 41
181 38 41
181 39 41
181 67 41
181 73 41
181 103 41
181 111 41
181 126 41
181 138 41
181 143 41
181 148 41
181 152 41
181 157 41
181 186 41
181 202 41
181 204 41
181 228 41
181 236 41
181 252 41
181 263 41
181 270 41
181 273 41
181 274 41
181 277 41
181 293 41
181 323 41
181 328 41
181 339 41
200 10 40
200 37 40
200 38 40
200 39 40
200 67 40
200 73 40
200 103 40
200 111 40
200 126 40
200 138 40
200 143 40
200 148 40
200 152 40
200 157 40
200 186 40
200 202 40
200 204 40
200 228 40
200 236 40
200 252 40
200 263 40
200 270 40
200 273 40
200 274 40
200 277 40
200 293 40
200 323 40
200 328 40
200 339 40
207 10 18
207 37 18
207 38 18
207 39 18
207 67 18
207 73 18
207 103 18
207 111 18
207 126 18
207 138 18
207 143 18
207 148 18
207 152 18
207 157 18
207 186 18
207 202 18
207 204 18
207 228 18
207 236 18
207 252 18
207 263 18
207 270 18
207 273 18
207 274 18
207 277 18
207 293 18
207 323 18
207 328 18
207 339 18
225 10 39
225 37 39
225 38 39
225 39 39
225 67 39
225 73 39
225 103 39
225 111 39
225 126 39
225 138 39
225 143 39
225 148 39
225 152 39
225 157 39
225 186 39
225 202 39
225 204 39
225 228 39
225 236 39
225 252 39
225 263 39
225 270 39
225 273 39
225 274 39
225 277 39
225 293 39
225 323 39
225 328 39
225 339 39
260 10 37
260 37 37
260 38 37
260 39 37
260 67 37
260 73 37
260 103 37
260 111 37
260 126 37
260 138 37
260 143 37
260 148 37
260 152 37
260 157 37
260 186 37
260 202 37
260 204 37
260 228 37
260 236 37
260 252 37
260 263 37
260 270 37
260 273 37
260 274 37
260 277 37
260 293 37
260 323 37
260 328 37
260 339 37
261 10 22
261 37 22
261 38 22
261 39 22
261 67 22
261 73 22
261 103 22
261 111 22
261 126 22
261 138 22
261 143 22
261 148 22
261 152 22
261 157 22
261 186 22
261 202 22
261 204 22
261 228 22
261 236 22
261 252 22
261 263 22
261 270 22
261 273 22
261 274 22
261 277 22
261 293 22
261 323 22
261 328 22
261 339 22
269 10 22
269 37 22
269 38 22
269 39 22
269 67 22
269 73 22
269 103 22
269 111 22
269 126 22
269 138 22
269 143 22
269 148 22
269 152 22
269 157 22
269 186 22
269 202 22
269 204 22
269 228 22
269 236 22
269 252 22
269 263 22
269 270 22
269 273 22
269 274 22
269 277 22
269 293 22
269 323 22
269 328 22
269 339 22
271 10 29
271 37 29
271 38 29
271 39 29
271 67 29
271 73 29
271 103 29
271 111 29
271 126 29
271 138 29
271 143 29
271 148 29
271 152 29
271 157 29
271 186 29
271 202 29
271 204 29
271 228 29
271 236 29
271 252 29
271 263 29
271 270 29
271 273 29
271 274 29
271 277 29
271 293 29
271 323 29
271 328 29
271 339 29
282 10 48
282 37 48
282 38 48
282 39 48
282 67 48
282 73 48
282 103 48
282 111 48
282 126 48
282 138 48
282 143 48
282 148 48
282 152 48
282 157 48
282 186 48
282 202 48
282 204 48
282 228 48
282 236 48
282 252 48
282 263 48
282 270 48
282 273 48
282 274 48
282 277 48
282 293 48
282 323 48
282 328 48
282 339 48
285 10 18
285 37 18
285 38 18
285 39 18
285 67 18
285 73 18
285 103 18
285 111 18
285 126 18
285 138 18
285 143 18
285 148 18
285 152 18
285 157 18
285 186 18
285 202 18
285 204 18
285 228 18
285 236 18
285 252 18
285 263 18
285 270 18
285 273 18
285 274 18
285 277 18
285 293 18
285 323 18
285 328 18
285 339 18
295 10 44
295 37 44
295 38 44
295 39 44
295 67 44
295 73 44
295 103 44
295 111 44
295 126 44
295 138 44
295 143 44
295 148 44
295 152 44
295 157 44
295 186 44
295 202 44
295 204 44
295 228 44
295 236 44
295 252 44
295 263 44
295 270 44
295 273 44
295 274 44
295 277 44
295 293 44
295 323 44
295 328 44
295 339 44
304 10 18
304 37 18
304 38 18
304 39 18
304 67 18
304 73 18
304 103 18
304 111 18
304 126 18
304 138 18
304 143 18
304 148 18
304 152 18
304 157 18
304 186 18
304 202 18
304 204 18
304 228 18
304 236 18
304 252 18
304 263 18
304 270 18
304 273 18
304 274 18
304 277 18
304 293 18
304 323 18
304 328 18
304 339 18
310 10 35
310 37 35
310 38 35
310 39 35
310 67 35
310 73 35
310 103 35
310 111 35
310 126 35
310 138 35
310 143 35
310 148 35
310 152 35
310 157 35
310 186 35
310 202 35
310 204 35
310 228 35
310 236 35
310 252 35
310 263 35
310 270 35
310 273 35
310 274 35
310 277 35
310 293 35
310 323 35
310 328 35
310 339 35
333 10 38
333 37 38
333 38 38
333 39 38
333 67 38
333 73 38
333 103 38
333 111 38
333 126 38
333 138 38
333 143 38
333 148 38
333 152 38
333 157 38
333 186 38
333 202 38
333 204 38
333 228 38
333 236 38
333 252 38
333 263 38
333 270 38
333 273 38
333 274 38
333 277 38
333 293 38
333 323 38
333 328 38
333 339 38
344 10 44
344 37 44
344 38 44
344 39 44
344 67 44
344 73 44
344 103 44
344 111 44
344 126 44
344 138 44
344 143 44
344 148 44
344 152 44
344 157 44
344 186 44
344 202 44
344 204 44
344 228 44
344 236 44
344 252 44
344 263 44
344 270 44
344 273 44
344 274 44
344 277 44
344 293 44
344 323 44
344 328 44
344 339 44
15 57 1
15 64 1
15 87 1
15 102 1
15 149 1
15 151 1
15 158 1
15 163 1
15 164 1
15 200 1
15 211 1
15 216 1
15 230 1
15 241 1
15 242 1
15 247 1
15 267 1
15 268 1
15 300 1
15 312 1
15 325 1
18 57 1
18 64 1
18 87 1
18 102 1
18 149 1
18 151 1
18 158 1
18 163 1
18 164 1
18 200 1
18 211 1
18 216 1
18 230 1
18 241 1
18 242 1
18 247 1
18 267 1
18 268 1
18 300 1
18 312 1
18 325 1
22 57 1
22 64 1
22 87 1
22 102 1
22 149 1
22 151 1
22 158 1
22 163 1
22 164 1
22 200 1
22 211 1
22 216 1
22 230 1
22 241 1
22 242 1
22 247 1
22 267 1
22 268 1
22 300 1
22 312 1
22 325 1
30 57 1
30 64 1
30 87 1
30 102 1
30 149 1
30 151 1
30 158 1
30 163 1
30 164 1
30 200 1
30 211 1
30 216 1
30 230 1
30 241 1
30 242 1
30 247 1
30 267 1
30 268 1
30 300 1
30 312 1
30 325 1
34 57 1
34 64 1
34 87 1
34 102 1
34 149 1
34 151 1
34 158 1
34 163 1
34 164 1
34 200 1
34 211 1
34 216 1
34 230 1
34 241 1
34 242 1
34 247 1
34 267 1
34 268 1
34 300 1
34 312 1
34 325 1
41 57 1
41 64 1
41 87 1
41 102 1
41 149 1
41 151 1
41 158 1
41 163 1
41 164 1
41 200 1
41 211 1
41 216 1
41 230 1
41 241 1
41 242 1
41 247 1
41 267 1
41 268 1
41 300 1
41 312 1
41 325 1
48 57 1
48 64 1
48 87 1
48 102 1
48 149 1
48 151 1
48 158 1
48 163 1
48 164 1
48 200 1
48 211 1
48 216 1
48 230 1
48 241 1
48 242 1
48 247 1
48 267 1
48 268 1
48 300 1
48 312 1
48 325 1
60 57 1
60 64 1
60 87 1
60 102 1
60 149 1
60 151 1
60 158 1
60 163 1
60 164 1
60 200 1
60 211 1
60 216 1
60 230 1
60 241 1
60 242 1
60 247 1
60 267 1
60 268 1
60 300 1
60 312 1
60 325 1
61 57 1
61 64 1
61 87 1
61 102 1
61 149 1
61 151 1
61 158 1
61 163 1
61 164 1
61 200 1
61 211 1
61 216 1
61 230 1
61 241 1
61 242 1
61 247 1
61 267 1
61 268 1
61 300 1
61 312 1
61 325 1
81 57 36
81 64 36
81 87 36
81 102 36
81 149 36
81 151 36
81 158 36
81 163 36
81 164 36
81 200 36
81 211 36
81 216 36
81 230 36
81 241 36
81 242 36
81 247 36
81 267 36
81 268 36
81 300 36
81 312 36
81 325 36
99 57 20
99 64 20
99 87 20
99 102 20
99 149 20
99 151 20
99 158 20
99 163 20
99 164 20
99 200 20
99 211 20
99 216 20
99 230 20
99 241 20
99 242 20
99 247 20
99 267 20
99 268 20
99 300 20
99 312 20
99 325 20
137 57 23
137 64 23
137 87 23
137 102 23
137 149 23
137 151 23
137 158 23
137 163 23
137 164 23
137 200 23
137 211 23
137 216 23
137 230 23
137 241 23
137 242 23
137 247 23
137 267 23
137 268 23
137 300 23
137 312 23
137 325 23
140 57 50
140 64 50
140 87 50
140 102 50
140 149 50
140 151 50
140 158 50
140 163 50
140 164 50
140 200 50
140 211 50
140 216 50
140 230 50
140 241 50
140 242 50
140 247 50
140 267 50
140 268 50
140 300 50
140 312 50
140 325 50
169 57 44
169 64 44
169 87 44
169 102 44
169 149 44
169 151 44
169 158 44
169 163 44
169 164 44
169 200 44
169 211 44
169 216 44
169 230 44
169 241 44
169 242 44
169 247 44
169 267 44
169 268 44
169 300 44
169 312 44
169 325 44
170 57 47
170 64 47
170 87 47
170 102 47
170 149 47
170 151 47
170 158 47
170 163 47
170 164 47
170 200 47
170 211 47
170 216 47
170 230 47
170 241 47
170 242 47
170 247 47
170 267 47
170 268 47
170 300 47
170 312 47
170 325 47
187 57 27
187 64 27
187 87 27
187 102 27
187 149 27
187 151 27
187 158 27
187 163 27
187 164 27
187 200 27
187 211 27
187 216 27
187 230 27
187 241 27
187 242 27
187 247 27
187 267 27
187 268 27
187 300 27
187 312 27
187 325 27
191 57 42
191 64 42
191 87 42
191 102 42
191 149 42
191 151 42
191 158 42
191 163 42
191 164 42
191 200 42
191 211 42
191 216 42
191 230 42
191 241 42
191 242 42
191 247 42
191 267 42
191 268 42
191 300 42
191 312 42
191 325 42
193 57 32
193 64 32
193 87 32
193 102 32
193 149 32
193 151 32
193 158 32
193 163 32
193 164 32
193 200 32
193 211 32
193 216 32
193 230 32
193 241 32
193 242 32
193 247 32
193 267 32
193 268 32
193 300 32
193 312 32
193 325 32
197 57 48
197 64 48
197 87 48
197 102 48
197 149 48
197 151 48
197 158 48
197 163 48
197 164 48
197 200 48
197 211 48
197 216 48
197 230 48
197 241 48
197 242 48
197 247 48
197 267 48
197 268 48
197 300 48
197 312 48
197 325 48
250 57 34
250 64 34
250 87 34
250 102 34
250 149 34
250 151 34
250 158 34
250 163 34
250 164 34
250 200 34
250 211 34
250 216 34
250 230 34
250 241 34
250 242 34
250 247 34
250 267 34
250 268 34
250 300 34
250 312 34
250 325 34
265 57 21
265 64 21
265 87 21
265 102 21
265 149 21
265 151 21
265 158 21
265 163 21
265 164 21
265 200 21
265 211 21
265 216 21
265 230 21
265 241 21
265 242 21
265 247 21
265 267 21
265 268 21
265 300 21
265 312 21
265 325 21
274 57 44
274 64 44
274 87 44
274 102 44
274 149 44
274 151 44
274 158 44
274 163 44
274 164 44
274 200 44
274 211 44
274 216 44
274 230 44
274 241 44
274 242 44
274 247 44
274 267 44
274 268 44
274 300 44
274 312 44
274 325 44
314 57 23
314 64 23
314 87 23
314 102 23
314 149 23
314 151 23
314 158 23
314 163 23
314 164 23
314 200 23
314 211 23
314 216 23
314 230 23
314 241 23
314 242 23
314 247 23
314 267 23
314 268 23
314 300 23
314 312 23
314 325 23
323 57 43
323 64 43
323 87 43
323 102 43
323 149 43
323 151 43
323 158 43
323 163 43
323 164 43
323 200 43
323 211 43
323 216 43
323 230 43
323 241 43
323 242 43
323 247 43
323 267 43
323 268 43
323 300 43
323 312 43
323 325 43
13 59 1
13 62 1
13 84 1
13 107 1
13 130 1
13 167 1
13 177 1
13 189 1
13 215 1
13 219 1
13 232 1
13 238 1
13 253 1
13 294 1
13 301 1
13 306 1
13 308 1
13 329 1
16 59 1
16 62 1
16 84 1
16 107 1
16 130 1
16 167 1
16 177 1
16 189 1
16 215 1
16 219 1
16 232 1
16 238 1
16 253 1
16 294 1
16 301 1
16 306 1
16 308 1
16 329 1
23 59 1
23 62 1
23 84 1
23 107 1
23 130 1
23 167 1
23 177 1
23 189 1
23 215 1
23 219 1
23 232 1
23 238 1
23 253 1
23 294 1
23 301 1
23 306 1
23 308 1
23 329 1
27 59 1
27 62 1
27 84 1
27 107 1
27 130 1
27 167 1
27 177 1
27 189 1
27 215 1
27 219 1
27 232 1
27 238 1
27 253 1
27 294 1
27 301 1
27 306 1
27 308 1
27 329 1
42 59 1
42 62 1
42 84 1
42 107 1
42 130 1
42 167 1
42 177 1
42 189 1
42 215 1
42 219 1
42 232 1
42 238 1
42 253 1
42 294 1
42 301 1
42 306 1
42 308 1
42 329 1
44 59 1
44 62 1
44 84 1
44 107 1
44 130 1
44 167 1
44 177 1
44 189 1
44 215 1
44 219 1
44 232 1
44 238 1
44 253 1
44 294 1
44 301 1
44 306 1
44 308 1
44 329 1
77 59 34
77 62 34
77 84 34
77 107 34
77 130 34
77 167 34
77 177 34
77 189 34
77 215 34
77 219 34
77 232 34
77 238 34
77 253 34
77 294 34
77 301 34
77 306 34
77 308 34
77 329 34
102 59 23
102 62 23
102 84 23
102 107 23
102 130 23
102 167 23
102 177 23
102 189 23
102 215 23
102 219 23
102 232 23
102 238 23
102 253 23
102 294 23
102 301 23
102 306 23
102 308 23
102 329 23
105 59 35
105 62 35
105 84 35
105 107 35
105 130 35
105 167 35
105 177 35
105 189 35
105 215 35
105 219 35
105 232 35
105 238 35
105 253 35
105 294 35
105 301 35
105 306 35
105 308 35
105 329 35
123 59 35
123 62 35
123 84 35
123 107 35
123 130 35
123 167 35
123 177 35
123 189 35
123 215 35
123 219 35
123 232 35
123 238 35
123 253 35
123 294 35
123 301 35
123 306 35
123 308 35
123 329 35
155 59 45
155 62 45
155 84 45
155 107 45
155 130 45
155 167 45
155 177 45
155 189 45
155 215 45
155 219 45
155 232 45
155 238 45
155 253 45
155 294 45
155 301 45
155 306 45
155 308 45
155 329 45
161 59 42
161 62 42
161 84 42
161 107 42
161 130 42
161 167 42
161 177 42
161 189 42
161 215 42
161 219 42
161 232 42
161 238 42
161 253 42
161 294 42
161 301 42
161 306 42
161 308 42
161 329 42
218 59 40
218 62 40
218 84 40
218 107 40
218 130 40
218 167 40
218 177 40
218 189 40
218 215 40
218 219 40
218 232 40
218 238 40
218 253 40
218 294 40
218 301 40
218 306 40
218 308 40
218 329 40
239 59 32
239 62 32
239 84 32
239 107 32
239 130 32
239 167 32
239 177 32
239 189 32
239 215 32
239 219 32
239 232 32
239 238 32
239 253 32
239 294 32
239 301 32
239 306 32
239 308 32
239 329 32
244 59 49
244 62 49
244 84 49
244 107 49
244 130 49
244 167 49
244 177 49
244 189 49
244 215 49
244 219 49
244 232 49
244 238 49
244 253 49
244 294 49
244 301 49
244 306 49
244 308 49
244 329 49
284 59 28
284 62 28
284 84 28
284 107 28
284 130 28
284 167 28
284 177 28
284 189 28
284 215 28
284 219 28
284 232 28
284 238 28
284 253 28
284 294 28
284 301 28
284 306 28
284 308 28
284 329 28
346 59 34
346 62 34
346 84 34
346 107 34
346 130 34
346 167 34
346 177 34
346 189 34
346 215 34
346 219 34
346 232 34
346 238 34
346 253 34
346 294 34
346 301 34
346 306 34
346 308 34
346 329 34
347 59 39
347 62 39
347 84 39
347 107 39
347 130 39
347 167 39
347 177 39
347 189 39
347 215 39
347 219 39
347 232 39
347 238 39
347 253 39
347 294 39
347 301 39
347 306 39
347 308 39
347 329 39
349 59 43
349 62 43
349 84 43
349 107 43
349 130 43
349 167 43
349 177 43
349 189 43
349 215 43
349 219 43
349 232 43
349 238 43
349 253 43
349 294 43
349 301 43
349 306 43
349 308 43
349 329 43
350 59 19
350 62 19
350 84 19
350 107 19
350 130 19
350 167 19
350 177 19
350 189 19
350 215 19
350 219 19
350 232 19
350 238 19
350 253 19
350 294 19
350 301 19
350 306 19
350 308 19
350 329 19
14 58 1
14 60 1
14 98 1
14 139 1
14 140 1
14 181 1
14 201 1
14 227 1
14 298 1
14 331 1
14 347 1
17 58 1
17 60 1
17 98 1
17 139 1
17 140 1
17 181 1
17 201 1
17 227 1
17 298 1
17 331 1
17 347 1
19 58 1
19 60 1
19 98 1
19 139 1
19 140 1
19 181 1
19 201 1
19 227 1
19 298 1
19 331 1
19 347 1
26 58 1
26 60 1
26 98 1
26 139 1
26 140 1
26 181 1
26 201 1
26 227 1
26 298 1
26 331 1
26 347 1
32 58 1
32 60 1
32 98 1
32 139 1
32 140 1
32 181 1
32 201 1
32 227 1
32 298 1
32 331 1
32 347 1
38 58 1
38 60 1
38 98 1
38 139 1
38 140 1
38 181 1
38 201 1
38 227 1
38 298 1
38 331 1
38 347 1
43 58 1
43 60 1
43 98 1
43 139 1
43 140 1
43 181 1
43 201 1
43 227 1
43 298 1
43 331 1
43 347 1
47 58 1
47 60 1
47 98 1
47 139 1
47 140 1
47 181 1
47 201 1
47 227 1
47 298 1
47 331 1
47 347 1
59 58 1
59 60 1
59 98 1
59 139 1
59 140 1
59 181 1
59 201 1
59 227 1
59 298 1
59 331 1
59 347 1
69 58 37
69 60 37
69 98 37
69 139 37
69 140 37
69 181 37
69 201 37
69 227 37
69 298 37
69 331 37
69 347 37
94 58 24
94 60 24
94 98 24
94 139 24
94 140 24
94 181 24
94 201 24
94 227 24
94 298 24
94 331 24
94 347 24
106 58 31
106 60 31
106 98 31
106 139 31
106 140 31
106 181 31
106 201 31
106 227 31
106 298 31
106 331 31
106 347 31
116 58 41
116 60 41
116 98 41
116 139 41
116 140 41
116 181 41
116 201 41
116 227 41
116 298 41
116 331 41
116 347 41
131 58 37
131 60 37
131 98 37
131 139 37
131 140 37
131 181 37
131 201 37
131 227 37
131 298 37
131 331 37
131 347 37
141 58 34
141 60 34
141 98 34
141 139 34
141 140 34
141 181 34
141 201 34
141 227 34
141 298 34
141 331 34
141 347 34
153 58 20
153 60 20
153 98 20
153 139 20
153 140 20
153 181 20
153 201 20
153 227 20
153 298 20
153 331 20
153 347 20
157 58 20
157 60 20
157 98 20
157 139 20
157 140 20
157 181 20
157 201 20
157 227 20
157 298 20
157 331 20
157 347 20
158 58 29
158 60 29
158 98 29
158 139 29
158 140 29
158 181 29
158 201 29
158 227 29
158 298 29
158 331 29
158 347 29
167 58 42
167 60 42
167 98 42
167 139 42
167 140 42
167 181 42
167 201 42
167 227 42
167 298 42
167 331 42
167 347 42
174 58 30
174 60 30
174 98 30
174 139 30
174 140 30
174 181 30
174 201 30
174 227 30
174 298 30
174 331 30
174 347 30
184 58 25
184 60 25
184 98 25
184 139 25
184 140 25
184 181 25
184 201 25
184 227 25
184 298 25
184 331 25
184 347 25
203 58 21
203 60 21
203 98 21
203 139 21
203 140 21
203 181 21
203 201 21
203 227 21
203 298 21
203 331 21
203 347 21
213 58 44
213 60 44
213 98 44
213 139 44
213 140 44
213 181 44
213 201 44
213 227 44
213 298 44
213 331 44
213 347 44
237 58 23
237 60 23
237 98 23
237 139 23
237 140 23
237 181 23
237 201 23
237 227 23
237 298 23
237 331 23
237 347 23
245 58 49
245 60 49
245 98 49
245 139 49
245 140 49
245 181 49
245 201 49
245 227 49
245 298 49
245 331 49
245 347 49
263 58 48
263 60 48
263 98 48
263 139 48
263 140 48
263 181 48
263 201 48
263 227 48
263 298 48
263 331 48
263 347 48
272 58 46
272 60 46
272 98 46
272 139 46
272 140 46
272 181 46
272 201 46
272 227 46
272 298 46
272 331 46
272 347 46
280 58 43
280 60 43
280 98 43
280 139 43
280 140 43
280 181 43
280 201 43
280 227 43
280 298 43
280 331 43
280 347 43
291 58 40
291 60 40
291 98 40
291 139 40
291 140 40
291 181 40
291 201 40
291 227 40
291 298 40
291 331 40
291 347 40
337 58 39
337 60 39
337 98 39
337 139 39
337 140 39
337 181 39
337 201 39
337 227 39
337 298 39
337 331 39
337 347 39
343 58 24
343 60 24
343 98 24
343 139 24
343 140 24
343 181 24
343 201 24
343 227 24
343 298 24
343 331 24
343 347 24
351 58 36
351 60 36
351 98 36
351 139 36
351 140 36
351 181 36
351 201 36
351 227 36
351 298 36
351 331 36
351 347 36
12 352 1
70 352 37
124 352 20
135 352 46
146 352 28
168 352 49
266 352 31
303 352 37
318 352 32