152 14
1 152
1
6 9 19 25 29 55 70 92 108 119 123 130 138 149
10 13 27 45 46 49 54 60 102 105 110 112 113 114 134 137
14 17 28 36 38 65 66 67 83 98 101 104 118 133 140 143 150
32 35 56 58 61 78 81 85 111 148
4 8 22 39 43 44 48 63 80 90 91 94 106 109 122 132
12 15 50 52 59 64 73 84 87 93 95 97 103 107 128 129 142 145
7 23 24 30 37 82 86 117 124 144 151
3 11 16 18 26 34 62 88 89 100 115 136 147
2 21 33 47 51 69 71 79 121 131 135
5 20 42 68 77 120 141
40 41 75 76 96 116 126 127 139
31 53 57 72 74 99 125 146
152
1 2 1
1 8 1
1 9 1
1 10 1
1 75 1
1 80 1
1 82 1
1 92 1
1 100 1
1 110 1
1 112 1
1 116 1
1 129 1
1 140 1
1 148 1
6 7 1
6 23 1
6 24 1
6 25 1
6 66 1
6 73 1
6 106 1
6 117 1
6 134 1
6 135 1
6 137 1
41 7 29
41 23 29
41 24 29
41 25 29
41 66 29
41 73 29
41 106 29
41 117 29
41 134 29
41 135 29
41 137 29
42 7 19
42 23 19
42 24 19
42 25 19
42 66 19
42 73 19
42 106 19
42 117 19
42 134 19
42 135 19
42 137 19
45 7 13
45 23 13
45 24 13
45 25 13
45 66 13
45 73 13
45 106 13
45 117 13
45 134 13
45 135 13
45 137 13
60 7 19
60 23 19
60 24 19
60 25 19
60 66 19
60 73 19
60 106 19
60 117 19
60 134 19
60 135 19
60 137 19
74 7 24
74 23 24
74 24 24
74 25 24
74 66 24
74 73 24
74 106 24
74 117 24
74 134 24
74 135 24
74 137 24
93 7 26
93 23 26
93 24 26
93 25 26
93 66 26
93 73 26
93 106 26
93 117 26
93 134 26
93 135 26
93 137 26
113 7 26
113 23 26
113 24 26
113 25 26
113 66 26
113 73 26
113 106 26
113 117 26
113 134 26
113 135 26
113 137 26
131 7 22
131 23 22
131 24 22
131 25 22
131 66 22
131 73 22
131 106 22
131 117 22
131 134 22
131 135 22
131 137 22
10 35 1
10 38 1
10 39 1
10 44 1
10 45 1
10 57 1
10 59 1
10 83 1
10 89 1
10 95 1
10 102 1
10 109 1
10 122 1
10 131 1
10 133 1
12 35 1
12 38 1
12 39 1
12 44 1
12 45 1
12 57 1
12 59 1
12 83 1
12 89 1
12 95 1
12 102 1
12 109 1
12 122 1
12 131 1
12 133 1
15 35 1
15 38 1
15 39 1
15 44 1
15 45 1
15 57 1
15 59 1
15 83 1
15 89 1
15 95 1
15 102 1
15 109 1
15 122 1
15 131 1
15 133 1
18 35 1
18 38 1
18 39 1
18 44 1
18 45 1
18 57 1
18 59 1
18 83 1
18 89 1
18 95 1
18 102 1
18 109 1
18 122 1
18 131 1
18 133 1
21 35 1
21 38 1
21 39 1
21 44 1
21 45 1
21 57 1
21 59 1
21 83 1
21 89 1
21 95 1
21 102 1
21 109 1
21 122 1
21 131 1
21 133 1
23 35 1
23 38 1
23 39 1
23 44 1
23 45 1
23 57 1
23 59 1
23 83 1
23 89 1
23 95 1
23 102 1
23 109 1
23 122 1
23 131 1
23 133 1
27 35 1
27 38 1
27 39 1
27 44 1
27 45 1
27 57 1
27 59 1
27 83 1
27 89 1
27 95 1
27 102 1
27 109 1
27 122 1
27 131 1
27 133 1
34 35 1
34 38 1
34 39 1
34 44 1
34 45 1
34 57 1
34 59 1
34 83 1
34 89 1
34 95 1
34 102 1
34 109 1
34 122 1
34 131 1
34 133 1
36 35 1
36 38 1
36 39 1
36 44 1
36 45 1
36 57 1
36 59 1
36 83 1
36 89 1
36 95 1
36 102 1
36 109 1
36 122 1
36 131 1
36 133 1
48 35 28
48 38 28
48 39 28
48 44 28
48 45 28
48 57 28
48 59 28
48 83 28
48 89 28
48 95 28
48 102 28
48 109 28
48 122 28
48 131 28
48 133 28
52 35 26
52 38 26
52 39 26
52 44 26
52 45 26
52 57 26
52 59 26
52 83 26
52 89 26
52 95 26
52 102 26
52 109 26
52 122 26
52 131 26
52 133 26
72 35 29
72 38 29
72 39 29
72 44 29
72 45 29
72 57 29
72 59 29
72 83 29
72 89 29
72 95 29
72 102 29
72 109 29
72 122 29
72 131 29
72 133 29
78 35 22
78 38 22
78 39 22
78 44 22
78 45 22
78 57 22
78 59 22
78 83 22
78 89 22
78 95 22
78 102 22
78 109 22
78 122 22
78 131 22
78 133 22
85 35 28
85 38 28
85 39 28
85 44 28
85 45 28
85 57 28
85 59 28
85 83 28
85 89 28
85 95 28
85 102 28
85 109 28
85 122 28
85 131 28
85 133 28
94 35 28
94 38 28
94 39 28
94 44 28
94 45 28
94 57 28
94 59 28
94 83 28
94 89 28
94 95 28
94 102 28
94 109 28
94 122 28
94 131 28
94 133 28
97 35 20
97 38 20
97 39 20
97 44 20
97 45 20
97 57 20
97 59 20
97 83 20
97 89 20
97 95 20
97 102 20
97 109 20
97 122 20
97 131 20
97 133 20
101 35 24
101 38 24
101 39 24
101 44 24
101 45 24
101 57 24
101 59 24
101 83 24
101 89 24
101 95 24
101 102 24
101 109 24
101 122 24
101 131 24
101 133 24
103 35 14
103 38 14
103 39 14
103 44 14
103 45 14
103 57 14
103 59 14
103 83 14
103 89 14
103 95 14
103 102 14
103 109 14
103 122 14
103 131 14
103 133 14
107 35 28
107 38 28
107 39 28
107 44 28
107 45 28
107 57 28
107 59 28
107 83 28
107 89 28
107 95 28
107 102 28
107 109 28
107 122 28
107 131 28
107 133 28
119 35 23
119 38 23
119 39 23
119 44 23
119 45 23
119 57 23
119 59 23
119 83 23
119 89 23
119 95 23
119 102 23
119 109 23
119 122 23
119 131 23
119 133 23
120 35 25
120 38 25
120 39 25
120 44 25
120 45 25
120 57 25
120 59 25
120 83 25
120 89 25
120 95 25
120 102 25
120 109 25
120 122 25
120 131 25
120 133 25
147 35 15
147 38 15
147 39 15
147 44 15
147 45 15
147 57 15
147 59 15
147 83 15
147 89 15
147 95 15
147 102 15
147 109 15
147 122 15
147 131 15
147 133 15
4 5 1
4 17 1
4 18 1
4 19 1
4 33 1
4 50 1
4 58 1
4 87 1
4 93 1
4 99 1
4 107 1
4 108 1
4 118 1
4 120 1
4 121 1
4 125 1
4 142 1
4 144 1
4 146 1
4 149 1
4 150 1
43 5 15
43 17 15
43 18 15
43 19 15
43 33 15
43 50 15
43 58 15
43 87 15
43 93 15
43 99 15
43 107 15
43 108 15
43 118 15
43 120 15
43 121 15
43 125 15
43 142 15
43 144 15
43 146 15
43 149 15
43 150 15
53 5 26
53 17 26
53 18 26
53 19 26
53 33 26
53 50 26
53 58 26
53 87 26
53 93 26
53 99 26
53 107 26
53 108 26
53 118 26
53 120 26
53 121 26
53 125 26
53 142 26
53 144 26
53 146 26
53 149 26
53 150 26
56 5 15
56 17 15
56 18 15
56 19 15
56 33 15
56 50 15
56 58 15
56 87 15
56 93 15
56 99 15
56 107 15
56 108 15
56 118 15
56 120 15
56 121 15
56 125 15
56 142 15
56 144 15
56 146 15
56 149 15
56 150 15
57 5 25
57 17 25
57 18 25
57 19 25
57 33 25
57 50 25
57 58 25
57 87 25
57 93 25
57 99 25
57 107 25
57 108 25
57 118 25
57 120 25
57 121 25
57 125 25
57 142 25
57 144 25
57 146 25
57 149 25
57 150 25
64 5 19
64 17 19
64 18 19
64 19 19
64 33 19
64 50 19
64 58 19
64 87 19
64 93 19
64 99 19
64 107 19
64 108 19
64 118 19
64 120 19
64 121 19
64 125 19
64 142 19
64 144 19
64 146 19
64 149 19
64 150 19
65 5 25
65 17 25
65 18 25
65 19 25
65 33 25
65 50 25
65 58 25
65 87 25
65 93 25
65 99 25
65 107 25
65 108 25
65 118 25
65 120 25
65 121 25
65 125 25
65 142 25
65 144 25
65 146 25
65 149 25
65 150 25
111 5 17
111 17 17
111 18 17
111 19 17
111 33 17
111 50 17
111 58 17
111 87 17
111 93 17
111 99 17
111 107 17
111 108 17
111 118 17
111 120 17
111 121 17
111 125 17
111 142 17
111 144 17
111 146 17
111 149 17
111 150 17
112 5 26
112 17 26
112 18 26
112 19 26
112 33 26
112 50 26
112 58 26
112 87 26
112 93 26
112 99 26
112 107 26
112 108 26
112 118 26
112 120 26
112 121 26
112 125 26
112 142 26
112 144 26
112 146 26
112 149 26
112 150 26
123 5 27
123 17 27
123 18 27
123 19 27
123 33 27
123 50 27
123 58 27
123 87 27
123 93 27
123 99 27
123 107 27
123 108 27
123 118 27
123 120 27
123 121 27
123 125 27
123 142 27
123 144 27
123 146 27
123 149 27
123 150 27
127 5 27
127 17 27
127 18 27
127 19 27
127 33 27
127 50 27
127 58 27
127 87 27
127 93 27
127 99 27
127 107 27
127 108 27
127 118 27
127 120 27
127 121 27
127 125 27
127 142 27
127 144 27
127 146 27
127 149 27
127 150 27
148 5 15
148 17 15
148 18 15
148 19 15
148 33 15
148 50 15
148 58 15
148 87 15
148 93 15
148 99 15
148 107 15
148 108 15
148 118 15
148 120 15
148 121 15
148 125 15
148 142 15
148 144 15
148 146 15
148 149 15
148 150 15
9 34 1
9 36 1
9 41 1
9 52 1
9 53 1
9 63 1
9 69 1
9 79 1
9 84 1
9 98 1
9 103 1
9 115 1
9 127 1
9 139 1
9 143 1
9 151 1
11 34 1
11 36 1
11 41 1
11 52 1
11 53 1
11 63 1
11 69 1
11 79 1
11 84 1
11 98 1
11 103 1
11 115 1
11 127 1
11 139 1
11 143 1
11 151 1
14 34 1
14 36 1
14 41 1
14 52 1
14 53 1
14 63 1
14 69 1
14 79 1
14 84 1
14 98 1
14 103 1
14 115 1
14 127 1
14 139 1
14 143 1
14 151 1
19 34 1
19 36 1
19 41 1
19 52 1
19 53 1
19 63 1
19 69 1
19 79 1
19 84 1
19 98 1
19 103 1
19 115 1
19 127 1
19 139 1
19 143 1
19 151 1
20 34 1
20 36 1
20 41 1
20 52 1
20 53 1
20 63 1
20 69 1
20 79 1
20 84 1
20 98 1
20 103 1
20 115 1
20 127 1
20 139 1
20 143 1
20 151 1
24 34 1
24 36 1
24 41 1
24 52 1
24 53 1
24 63 1
24 69 1
24 79 1
24 84 1
24 98 1
24 103 1
24 115 1
24 127 1
24 139 1
24 143 1
24 151 1
26 34 1
26 36 1
26 41 1
26 52 1
26 53 1
26 63 1
26 69 1
26 79 1
26 84 1
26 98 1
26 103 1
26 115 1
26 127 1
26 139 1
26 143 1
26 151 1
37 34 26
37 36 26
37 41 26
37 52 26
37 53 26
37 63 26
37 69 26
37 79 26
37 84 26
37 98 26
37 103 26
37 115 26
37 127 26
37 139 26
37 143 26
37 151 26
44 34 27
44 36 27
44 41 27
44 52 27
44 53 27
44 63 27
44 69 27
44 79 27
44 84 27
44 98 27
44 103 27
44 115 27
44 127 27
44 139 27
44 143 27
44 151 27
61 34 25
61 36 25
61 41 25
61 52 25
61 53 25
61 63 25
61 69 25
61 79 25
61 84 25
61 98 25
61 103 25
61 115 25
61 127 25
61 139 25
61 143 25
61 151 25
66 34 29
66 36 29
66 41 29
66 52 29
66 53 29
66 63 29
66 69 29
66 79 29
66 84 29
66 98 29
66 103 29
66 115 29
66 127 29
66 139 29
66 143 29
66 151 29
73 34 16
73 36 16
73 41 16
73 52 16
73 53 16
73 63 16
73 69 16
73 79 16
73 84 16
73 98 16
73 103 16
73 115 16
73 127 16
73 139 16
73 143 16
73 151 16
76 34 17
76 36 17
76 41 17
76 52 17
76 53 17
76 63 17
76 69 17
76 79 17
76 84 17
76 98 17
76 103 17
76 115 17
76 127 17
76 139 17
76 143 17
76 151 17
91 34 11
91 36 11
91 41 11
91 52 11
91 53 11
91 63 11
91 69 11
91 79 11
91 84 11
91 98 11
91 103 11
91 115 11
91 127 11
91 139 11
91 143 11
91 151 11
102 34 29
102 36 29
102 41 29
102 52 29
102 53 29
102 63 29
102 69 29
102 79 29
102 84 29
102 98 29
102 103 29
102 115 29
102 127 29
102 139 29
102 143 29
102 151 29
106 34 18
106 36 18
106 41 18
106 52 18
106 53 18
106 63 18
106 69 18
106 79 18
106 84 18
106 98 18
106 103 18
106 115 18
106 127 18
106 139 18
106 143 18
106 151 18
116 34 20
116 36 20
116 41 20
116 52 20
116 53 20
116 63 20
116 69 20
116 79 20
116 84 20
116 98 20
116 103 20
116 115 20
116 127 20
116 139 20
116 143 20
116 151 20
126 34 27
126 36 27
126 41 27
126 52 27
126 53 27
126 63 27
126 69 27
126 79 27
126 84 27
126 98 27
126 103 27
126 115 27
126 127 27
126 139 27
126 143 27
126 151 27
149 34 22
149 36 22
149 41 22
149 52 22
149 53 22
149 63 22
149 69 22
149 79 22
149 84 22
149 98 22
149 103 22
149 115 22
149 127 22
149 139 22
149 143 22
149 151 22
3 4 1
3 14 1
3 15 1
3 16 1
3 30 1
3 31 1
3 47 1
3 49 1
3 67 1
3 70 1
3 81 1
3 91 1
3 94 1
3 104 1
3 123 1
3 136 1
3 138 1
32 4 1
32 14 1
32 15 1
32 16 1
32 30 1
32 31 1
32 47 1
32 49 1
32 67 1
32 70 1
32 81 1
32 91 1
32 94 1
32 104 1
32 123 1
32 136 1
32 138 1
46 4 16
46 14 16
46 15 16
46 16 16
46 30 16
46 31 16
46 47 16
46 49 16
46 67 16
46 70 16
46 81 16
46 91 16
46 94 16
46 104 16
46 123 16
46 136 16
46 138 16
54 4 21
54 14 21
54 15 21
54 16 21
54 30 21
54 31 21
54 47 21
54 49 21
54 67 21
54 70 21
54 81 21
54 91 21
54 94 21
54 104 21
54 123 21
54 136 21
54 138 21
58 4 15
58 14 15
58 15 15
58 16 15
58 30 15
58 31 15
58 47 15
58 49 15
58 67 15
58 70 15
58 81 15
58 91 15
58 94 15
58 104 15
58 123 15
58 136 15
58 138 15
63 4 26
63 14 26
63 15 26
63 16 26
63 30 26
63 31 26
63 47 26
63 49 26
63 67 26
63 70 26
63 81 26
63 91 26
63 94 26
63 104 26
63 123 26
63 136 26
63 138 26
86 4 16
86 14 16
86 15 16
86 16 16
86 30 16
86 31 16
86 47 16
86 49 16
86 67 16
86 70 16
86 81 16
86 91 16
86 94 16
86 104 16
86 123 16
86 136 16
86 138 16
87 4 22
87 14 22
87 15 22
87 16 22
87 30 22
87 31 22
87 47 22
87 49 22
87 67 22
87 70 22
87 81 22
87 91 22
87 94 22
87 104 22
87 123 22
87 136 22
87 138 22
108 4 16
108 14 16
108 15 16
108 16 16
108 30 16
108 31 16
108 47 16
108 49 16
108 67 16
108 70 16
108 81 16
108 91 16
108 94 16
108 104 16
108 123 16
108 136 16
108 138 16
109 4 14
109 14 14
109 15 14
109 16 14
109 30 14
109 31 14
109 47 14
109 49 14
109 67 14
109 70 14
109 81 14
109 91 14
109 94 14
109 104 14
109 123 14
109 136 14
109 138 14
125 4 14
125 14 14
125 15 14
125 16 14
125 30 14
125 31 14
125 47 14
125 49 14
125 67 14
125 70 14
125 81 14
125 91 14
125 94 14
125 104 14
125 123 14
125 136 14
125 138 14
143 4 13
143 14 13
143 15 13
143 16 13
143 30 13
143 31 13
143 47 13
143 49 13
143 67 13
143 70 13
143 81 13
143 91 13
143 94 13
143 104 13
143 123 13
143 136 13
143 138 13
145 4 20
145 14 20
145 15 20
145 16 20
145 30 20
145 31 20
145 47 20
145 49 20
145 67 20
145 70 20
145 81 20
145 91 20
145 94 20
145 104 20
145 123 20
145 136 20
145 138 20
8 60 1
8 65 1
8 68 1
8 72 1
8 76 1
8 88 1
8 97 1
8 101 1
13 60 1
13 65 1
13 68 1
13 72 1
13 76 1
13 88 1
13 97 1
13 101 1
16 60 1
16 65 1
16 68 1
16 72 1
16 76 1
16 88 1
16 97 1
16 101 1
17 60 1
17 65 1
17 68 1
17 72 1
17 76 1
17 88 1
17 97 1
17 101 1
22 60 1
22 65 1
22 68 1
22 72 1
22 76 1
22 88 1
22 97 1
22 101 1
25 60 1
25 65 1
25 68 1
25 72 1
25 76 1
25 88 1
25 97 1
25 101 1
28 60 1
28 65 1
28 68 1
28 72 1
28 76 1
28 88 1
28 97 1
28 101 1
35 60 1
35 65 1
35 68 1
35 72 1
35 76 1
35 88 1
35 97 1
35 101 1
38 60 13
38 65 13
38 68 13
38 72 13
38 76 13
38 88 13
38 97 13
38 101 13
39 60 13
39 65 13
39 68 13
39 72 13
39 76 13
39 88 13
39 97 13
39 101 13
59 60 13
59 65 13
59 68 13
59 72 13
59 76 13
59 88 13
59 97 13
59 101 13
71 60 27
71 65 27
71 68 27
71 72 27
71 76 27
71 88 27
71 97 27
71 101 27
75 60 18
75 65 18
75 68 18
75 72 18
75 76 18
75 88 18
75 97 18
75 101 18
82 60 20
82 65 20
82 68 20
82 72 20
82 76 20
82 88 20
82 97 20
82 101 20
89 60 26
89 65 26
89 68 26
89 72 26
89 76 26
89 88 26
89 97 26
89 101 26
90 60 15
90 65 15
90 68 15
90 72 15
90 76 15
90 88 15
90 97 15
90 101 15
100 60 20
100 65 20
100 68 20
100 72 20
100 76 20
100 88 20
100 97 20
100 101 20
115 60 26
115 65 26
115 68 26
115 72 26
115 76 26
115 88 26
115 97 26
115 101 26
121 60 21
121 65 21
121 68 21
121 72 21
121 76 21
121 88 21
121 97 21
121 101 21
124 60 12
124 65 12
124 68 12
124 72 12
124 76 12
124 88 12
124 97 12
124 101 12
130 60 28
130 65 28
130 68 28
130 72 28
130 76 28
130 88 28
130 97 28
130 101 28
133 60 13
133 65 13
133 68 13
133 72 13
133 76 13
133 88 13
133 97 13
133 101 13
135 60 20
135 65 20
135 68 20
135 72 20
135 76 20
135 88 20
135 97 20
135 101 20
137 60 18
137 65 18
137 68 18
137 72 18
137 76 18
137 88 18
137 97 18
137 101 18
139 60 12
139 65 12
139 68 12
139 72 12
139 76 12
139 88 12
139 97 12
139 101 12
140 60 13
140 65 13
140 68 13
140 72 13
140 76 13
140 88 13
140 97 13
140 101 13
150 60 24
150 65 24
150 68 24
150 72 24
150 76 24
150 88 24
150 97 24
150 101 24
151 60 29
151 65 29
151 68 29
151 72 29
151 76 29
151 88 29
151 97 29
151 101 29
5 6 1
5 20 1
5 21 1
5 22 1
5 29 1
5 37 1
5 42 1
5 48 1
5 54 1
5 56 1
5 61 1
5 62 1
5 71 1
5 74 1
5 105 1
5 111 1
5 113 1
5 114 1
5 128 1
5 132 1
5 145 1
47 6 11
47 20 11
47 21 11
47 22 11
47 29 11
47 37 11
47 42 11
47 48 11
47 54 11
47 56 11
47 61 11
47 62 11
47 71 11
47 74 11
47 105 11
47 111 11
47 113 11
47 114 11
47 128 11
47 132 11
47 145 11
49 6 25
49 20 25
49 21 25
49 22 25
49 29 25
49 37 25
49 42 25
49 48 25
49 54 25
49 56 25
49 61 25
49 62 25
49 71 25
49 74 25
49 105 25
49 111 25
49 113 25
49 114 25
49 128 25
49 132 25
49 145 25
77 6 21
77 20 21
77 21 21
77 22 21
77 29 21
77 37 21
77 42 21
77 48 21
77 54 21
77 56 21
77 61 21
77 62 21
77 71 21
77 74 21
77 105 21
77 111 21
77 113 21
77 114 21
77 128 21
77 132 21
77 145 21
79 6 14
79 20 14
79 21 14
79 22 14
79 29 14
79 37 14
79 42 14
79 48 14
79 54 14
79 56 14
79 61 14
79 62 14
79 71 14
79 74 14
79 105 14
79 111 14
79 113 14
79 114 14
79 128 14
79 132 14
79 145 14
134 6 17
134 20 17
134 21 17
134 22 17
134 29 17
134 37 17
134 42 17
134 48 17
134 54 17
134 56 17
134 61 17
134 62 17
134 71 17
134 74 17
134 105 17
134 111 17
134 113 17
134 114 17
134 128 17
134 132 17
134 145 17
146 6 20
146 20 20
146 21 20
146 22 20
146 29 20
146 37 20
146 42 20
146 48 20
146 54 20
146 56 20
146 61 20
146 62 20
146 71 20
146 74 20
146 105 20
146 111 20
146 113 20
146 114 20
146 128 20
146 132 20
146 145 20
2 3 2
2 11 2
2 12 2
2 13 2
2 40 2
2 43 2
2 46 2
2 77 2
2 85 2
2 86 2
2 90 2
2 96 2
2 119 2
2 124 2
2 141 2
33 3 1
33 11 1
33 12 1
33 13 1
33 40 1
33 43 1
33 46 1
33 77 1
33 85 1
33 86 1
33 90 1
33 96 1
33 119 1
33 124 1
33 141 1
50 3 27
50 11 27
50 12 27
50 13 27
50 40 27
50 43 27
50 46 27
50 77 27
50 85 27
50 86 27
50 90 27
50 96 27
50 119 27
50 124 27
50 141 27
55 3 18
55 11 18
55 12 18
55 13 18
55 40 18
55 43 18
55 46 18
55 77 18
55 85 18
55 86 18
55 90 18
55 96 18
55 119 18
55 124 18
55 141 18
67 3 15
67 11 15
67 12 15
67 13 15
67 40 15
67 43 15
67 46 15
67 77 15
67 85 15
67 86 15
67 90 15
67 96 15
67 119 15
67 124 15
67 141 15
80 3 24
80 11 24
80 12 24
80 13 24
80 40 24
80 43 24
80 46 24
80 77 24
80 85 24
80 86 24
80 90 24
80 96 24
80 119 24
80 124 24
80 141 24
81 3 23
81 11 23
81 12 23
81 13 23
81 40 23
81 43 23
81 46 23
81 77 23
81 85 23
81 86 23
81 90 23
81 96 23
81 119 23
81 124 23
81 141 23
83 3 19
83 11 19
83 12 19
83 13 19
83 40 19
83 43 19
83 46 19
83 77 19
83 85 19
83 86 19
83 90 19
83 96 19
83 119 19
83 124 19
83 141 19
84 3 23
84 11 23
84 12 23
84 13 23
84 40 23
84 43 23
84 46 23
84 77 23
84 85 23
84 86 23
84 90 23
84 96 23
84 119 23
84 124 23
84 141 23
88 3 29
88 11 29
88 12 29
88 13 29
88 40 29
88 43 29
88 46 29
88 77 29
88 85 29
88 86 29
88 90 29
88 96 29
88 119 29
88 124 29
88 141 29
92 3 21
92 11 21
92 12 21
92 13 21
92 40 21
92 43 21
92 46 21
92 77 21
92 85 21
92 86 21
92 90 21
92 96 21
92 119 21
92 124 21
92 141 21
98 3 21
98 11 21
98 12 21
98 13 21
98 40 21
98 43 21
98 46 21
98 77 21
98 85 21
98 86 21
98 90 21
98 96 21
98 119 21
98 124 21
98 141 21
110 3 23
110 11 23
110 12 23
110 13 23
110 40 23
110 43 23
110 46 23
110 77 23
110 85 23
110 86 23
110 90 23
110 96 23
110 119 23
110 124 23
110 141 23
122 3 12
122 11 12
122 12 12
122 13 12
122 40 12
122 43 12
122 46 12
122 77 12
122 85 12
122 86 12
122 90 12
122 96 12
122 119 12
122 124 12
122 141 12
129 3 13
129 11 13
129 12 13
129 13 13
129 40 13
129 43 13
129 46 13
129 77 13
129 85 13
129 86 13
129 90 13
129 96 13
129 119 13
129 124 13
129 141 13
132 3 22
132 11 22
132 12 22
132 13 22
132 40 22
132 43 22
132 46 22
132 77 22
132 85 22
132 86 22
132 90 22
132 96 22
132 119 22
132 124 22
132 141 22
136 3 16
136 11 16
136 12 16
136 13 16
136 40 16
136 43 16
136 46 16
136 77 16
136 85 16
136 86 16
136 90 16
136 96 16
136 119 16
136 124 16
136 141 16
142 3 20
142 11 20
142 12 20
142 13 20
142 40 20
142 43 20
142 46 20
142 77 20
142 85 20
142 86 20
142 90 20
142 96 20
142 119 20
142 124 20
142 141 20
7 152 1
62 152 20
104 152 26
105 152 20
117 152 23
128 152 22
138 152 21