102 10
1 102
1
4 5 17 18 19 23 31 32 36 56 61 65 75 78 93 97 101
10 15 28 29 34 37 38 39 49 55 57 63 66 67 71 81 96 98 100
2 11 20 27 43 46 52 62 70 77 94
3 13 14 35 41 48 54 72 73 74 86
16 26 82 84 89 99
8 9 21 44 51 58 59 76 83 90 91 92
6 12 22 24 25 42 45 53 60 87 88
7 30 33 40 47 50 64 68 69 79 80 85 95
102
1 2 1
1 7 1
1 8 1
1 9 1
1 34 1
1 49 1
1 55 1
1 57 1
1 75 1
1 80 1
1 96 1
3 4 1
3 13 1
3 14 1
3 15 1
3 42 1
3 61 1
3 93 1
3 99 1
37 4 19
37 13 19
37 14 19
37 15 19
37 42 19
37 61 19
37 93 19
37 99 19
38 4 19
38 13 19
38 14 19
38 15 19
38 42 19
38 61 19
38 93 19
38 99 19
39 4 12
39 13 12
39 14 12
39 15 12
39 42 12
39 61 12
39 93 12
39 99 12
44 4 24
44 13 24
44 14 24
44 15 24
44 42 24
44 61 24
44 93 24
44 99 24
57 4 12
57 13 12
57 14 12
57 15 12
57 42 12
57 61 12
57 93 12
57 99 12
64 4 19
64 13 19
64 14 19
64 15 19
64 42 19
64 61 19
64 93 19
64 99 19
83 4 14
83 13 14
83 14 14
83 15 14
83 42 14
83 61 14
83 93 14
83 99 14
85 4 27
85 13 27
85 14 27
85 15 27
85 42 27
85 61 27
85 93 27
85 99 27
98 4 11
98 13 11
98 14 11
98 15 11
98 42 11
98 61 11
98 93 11
98 99 11
4 5 1
4 16 1
4 17 1
4 18 1
4 37 1
4 72 1
4 82 1
4 90 1
4 95 1
4 101 1
45 5 13
45 16 13
45 17 13
45 18 13
45 37 13
45 72 13
45 82 13
45 90 13
45 95 13
45 101 13
47 5 25
47 16 25
47 17 25
47 18 25
47 37 25
47 72 25
47 82 25
47 90 25
47 95 25
47 101 25
55 5 15
55 16 15
55 17 15
55 18 15
55 37 15
55 72 15
55 82 15
55 90 15
55 95 15
55 101 15
60 5 22
60 16 22
60 17 22
60 18 22
60 37 22
60 72 22
60 82 22
60 90 22
60 95 22
60 101 22
61 5 11
61 16 11
61 17 11
61 18 11
61 37 11
61 72 11
61 82 11
61 90 11
61 95 11
61 101 11
67 5 27
67 16 27
67 17 27
67 18 27
67 37 27
67 72 27
67 82 27
67 90 27
67 95 27
67 101 27
86 5 23
86 16 23
86 17 23
86 18 23
86 37 23
86 72 23
86 82 23
86 90 23
86 95 23
86 101 23
8 31 1
8 46 1
8 50 1
8 59 1
8 69 1
8 70 1
8 73 1
8 81 1
8 85 1
8 100 1
10 31 1
10 46 1
10 50 1
10 59 1
10 69 1
10 70 1
10 73 1
10 81 1
10 85 1
10 100 1
16 31 1
16 46 1
16 50 1
16 59 1
16 69 1
16 70 1
16 73 1
16 81 1
16 85 1
16 100 1
19 31 1
19 46 1
19 50 1
19 59 1
19 69 1
19 70 1
19 73 1
19 81 1
19 85 1
19 100 1
32 31 1
32 46 1
32 50 1
32 59 1
32 69 1
32 70 1
32 73 1
32 81 1
32 85 1
32 100 1
40 31 28
40 46 28
40 50 28
40 59 28
40 69 28
40 70 28
40 73 28
40 81 28
40 85 28
40 100 28
66 31 24
66 46 24
66 50 24
66 59 24
66 69 24
66 70 24
66 73 24
66 81 24
66 85 24
66 100 24
78 31 13
78 46 13
78 50 13
78 59 13
78 69 13
78 70 13
78 73 13
78 81 13
78 85 13
78 100 13
79 31 27
79 46 27
79 50 27
79 59 27
79 69 27
79 70 27
79 73 27
79 81 27
79 85 27
79 100 27
80 31 19
80 46 19
80 50 19
80 59 19
80 69 19
80 70 19
80 73 19
80 81 19
80 85 19
80 100 19
89 31 17
89 46 17
89 50 17
89 59 17
89 69 17
89 70 17
89 73 17
89 81 17
89 85 17
89 100 17
99 31 11
99 46 11
99 50 11
99 59 11
99 69 11
99 70 11
99 73 11
99 81 11
99 85 11
99 100 11
2 3 2
2 10 2
2 11 2
2 12 2
2 25 2
2 36 2
2 52 2
2 60 2
2 65 2
2 87 2
2 92 2
2 97 2
26 3 1
26 10 1
26 11 1
26 12 1
26 25 1
26 36 1
26 52 1
26 60 1
26 65 1
26 87 1
26 92 1
26 97 1
27 3 1
27 10 1
27 11 1
27 12 1
27 25 1
27 36 1
27 52 1
27 60 1
27 65 1
27 87 1
27 92 1
27 97 1
34 3 20
34 10 20
34 11 20
34 12 20
34 25 20
34 36 20
34 52 20
34 60 20
34 65 20
34 87 20
34 92 20
34 97 20
48 3 21
48 10 21
48 11 21
48 12 21
48 25 21
48 36 21
48 52 21
48 60 21
48 65 21
48 87 21
48 92 21
48 97 21
62 3 15
62 10 15
62 11 15
62 12 15
62 25 15
62 36 15
62 52 15
62 60 15
62 65 15
62 87 15
62 92 15
62 97 15
74 3 12
74 10 12
74 11 12
74 12 12
74 25 12
74 36 12
74 52 12
74 60 12
74 65 12
74 87 12
74 92 12
74 97 12
7 30 1
7 38 1
7 40 1
7 44 1
7 66 1
7 71 1
7 74 1
7 77 1
7 84 1
7 98 1
12 30 1
12 38 1
12 40 1
12 44 1
12 66 1
12 71 1
12 74 1
12 77 1
12 84 1
12 98 1
15 30 1
15 38 1
15 40 1
15 44 1
15 66 1
15 71 1
15 74 1
15 77 1
15 84 1
15 98 1
21 30 1
21 38 1
21 40 1
21 44 1
21 66 1
21 71 1
21 74 1
21 77 1
21 84 1
21 98 1
23 30 1
23 38 1
23 40 1
23 44 1
23 66 1
23 71 1
23 74 1
23 77 1
23 84 1
23 98 1
33 30 1
33 38 1
33 40 1
33 44 1
33 66 1
33 71 1
33 74 1
33 77 1
33 84 1
33 98 1
49 30 22
49 38 22
49 40 22
49 44 22
49 66 22
49 71 22
49 74 22
49 77 22
49 84 22
49 98 22
52 30 19
52 38 19
52 40 19
52 44 19
52 66 19
52 71 19
52 74 19
52 77 19
52 84 19
52 98 19
56 30 25
56 38 25
56 40 25
56 44 25
56 66 25
56 71 25
56 74 25
56 77 25
56 84 25
56 98 25
73 30 28
73 38 28
73 40 28
73 44 28
73 66 28
73 71 28
73 74 28
73 77 28
73 84 28
73 98 28
76 30 15
76 38 15
76 40 15
76 44 15
76 66 15
76 71 15
76 74 15
76 77 15
76 84 15
76 98 15
81 30 23
81 38 23
81 40 23
81 44 23
81 66 23
81 71 23
81 74 23
81 77 23
81 84 23
81 98 23
87 30 15
87 38 15
87 40 15
87 44 15
87 66 15
87 71 15
87 74 15
87 77 15
87 84 15
87 98 15
88 30 14
88 38 14
88 40 14
88 44 14
88 66 14
88 71 14
88 74 14
88 77 14
88 84 14
88 98 14
90 30 12
90 38 12
90 40 12
90 44 12
90 66 12
90 71 12
90 74 12
90 77 12
90 84 12
90 98 12
13 32 1
13 39 1
13 47 1
13 48 1
13 51 1
13 58 1
13 63 1
13 67 1
13 94 1
18 32 1
18 39 1
18 47 1
18 48 1
18 51 1
18 58 1
18 63 1
18 67 1
18 94 1
22 32 1
22 39 1
22 47 1
22 48 1
22 51 1
22 58 1
22 63 1
22 67 1
22 94 1
30 32 1
30 39 1
30 47 1
30 48 1
30 51 1
30 58 1
30 63 1
30 67 1
30 94 1
31 32 1
31 39 1
31 47 1
31 48 1
31 51 1
31 58 1
31 63 1
31 67 1
31 94 1
43 32 29
43 39 29
43 47 29
43 48 29
43 51 29
43 58 29
43 63 29
43 67 29
43 94 29
46 32 20
46 39 20
46 47 20
46 48 20
46 51 20
46 58 20
46 63 20
46 67 20
46 94 20
68 32 16
68 39 16
68 47 16
68 48 16
68 51 16
68 58 16
68 63 16
68 67 16
68 94 16
71 32 24
71 39 24
71 47 24
71 48 24
71 51 24
71 58 24
71 63 24
71 67 24
71 94 24
72 32 24
72 39 24
72 47 24
72 48 24
72 51 24
72 58 24
72 63 24
72 67 24
72 94 24
92 32 19
92 39 19
92 47 19
92 48 19
92 51 19
92 58 19
92 63 19
92 67 19
92 94 19
96 32 16
96 39 16
96 47 16
96 48 16
96 51 16
96 58 16
96 63 16
96 67 16
96 94 16
9 33 1
9 53 1
9 62 1
9 76 1
9 83 1
9 91 1
11 33 1
11 53 1
11 62 1
11 76 1
11 83 1
11 91 1
14 33 1
14 53 1
14 62 1
14 76 1
14 83 1
14 91 1
17 33 1
17 53 1
17 62 1
17 76 1
17 83 1
17 91 1
20 33 1
20 53 1
20 62 1
20 76 1
20 83 1
20 91 1
24 33 1
24 53 1
24 62 1
24 76 1
24 83 1
24 91 1
42 33 13
42 53 13
42 62 13
42 76 13
42 83 13
42 91 13
58 33 29
58 53 29
58 62 29
58 76 29
58 83 29
58 91 29
59 33 13
59 53 13
59 62 13
59 76 13
59 83 13
59 91 13
63 33 22
63 53 22
63 62 22
63 76 22
63 83 22
63 91 22
70 33 13
70 53 13
70 62 13
70 76 13
70 83 13
70 91 13
75 33 13
75 53 13
75 62 13
75 76 13
75 83 13
75 91 13
82 33 20
82 53 20
82 62 20
82 76 20
82 83 20
82 91 20
94 33 27
94 53 27
94 62 27
94 76 27
94 83 27
94 91 27
100 33 24
100 53 24
100 62 24
100 76 24
100 83 24
100 91 24
101 33 18
101 53 18
101 62 18
101 76 18
101 83 18
101 91 18
5 6 1
5 19 1
5 20 1
5 21 1
5 27 1
5 28 1
5 29 1
5 41 1
5 43 1
5 56 1
5 78 1
5 86 1
5 88 1
35 6 22
35 19 22
35 20 22
35 21 22
35 27 22
35 28 22
35 29 22
35 41 22
35 43 22
35 56 22
35 78 22
35 86 22
35 88 22
36 6 21
36 19 21
36 20 21
36 21 21
36 27 21
36 28 21
36 29 21
36 41 21
36 43 21
36 56 21
36 78 21
36 86 21
36 88 21
50 6 18
50 19 18
50 20 18
50 21 18
50 27 18
50 28 18
50 29 18
50 41 18
50 43 18
50 56 18
50 78 18
50 86 18
50 88 18
51 6 28
51 19 28
51 20 28
51 21 28
51 27 28
51 28 28
51 29 28
51 41 28
51 43 28
51 56 28
51 78 28
51 86 28
51 88 28
91 6 28
91 19 28
91 20 28
91 21 28
91 27 28
91 28 28
91 29 28
91 41 28
91 43 28
91 56 28
91 78 28
91 86 28
91 88 28
93 6 28
93 19 28
93 20 28
93 21 28
93 27 28
93 28 28
93 29 28
93 41 28
93 43 28
93 56 28
93 78 28
93 86 28
93 88 28
97 6 27
97 19 27
97 20 27
97 21 27
97 27 27
97 28 27
97 29 27
97 41 27
97 43 27
97 56 27
97 78 27
97 86 27
97 88 27
6 102 1