302 12
1 302
1
17 18 22 29 55 67 74 107 120 122 127 128 129 130 140 143 151 153 154 155 172 173 183 186 191 198 210 219 233 240 243 284 286
9 11 52 62 70 76 83 87 89 102 109 144 146 168 187 192 193 197 201 207 218 234 236 241 246 249 258 270 272 274 280
3 4 14 19 25 27 32 49 61 95 96 99 111 112 119 125 132 158 159 160 162 171 181 205 220 225 226 237 239 244 259 264 265 281 287 289 290 294
10 13 36 41 46 65 71 72 88 91 94 108 115 121 126 148 157 164 167 174 176 199 202 203 216 224 227 242 247 262 267 276 279 285 298
5 6 15 34 43 44 56 57 60 79 81 85 103 118 145 149 152 165 212 230 250 266 268 277
12 20 35 40 47 58 68 78 80 82 97 123 136 163 177 178 184 195 200 217 248 251 253 263 273 282 288 296 299
7 8 21 24 31 38 50 53 54 59 73 77 84 93 98 105 117 135 137 138 139 141 166 170 188 215 223 235 245 252 254 278 297 301
2 16 23 26 37 42 45 51 63 75 100 106 114 116 147 150 161 196 204 214 232 238 256 261 269 271 275 293 300
28 33 66 69 104 113 133 142 169 179 190 194 208 209 213 222 231 255 257 292
30 39 48 64 86 90 92 101 110 124 131 134 156 175 180 182 185 189 206 211 221 228 229 260 283 291 295
302
1 2 1
1 11 1
1 12 1
1 13 1
1 85 1
1 106 1
1 118 1
1 121 1
1 128 1
1 260 1
1 266 1
19 54 1
19 90 1
19 110 1
19 115 1
19 129 1
19 141 1
19 156 1
19 158 1
19 192 1
19 202 1
19 207 1
19 224 1
19 229 1
19 230 1
19 245 1
19 269 1
21 54 1
21 90 1
21 110 1
21 115 1
21 129 1
21 141 1
21 156 1
21 158 1
21 192 1
21 202 1
21 207 1
21 224 1
21 229 1
21 230 1
21 245 1
21 269 1
29 54 1
29 90 1
29 110 1
29 115 1
29 129 1
29 141 1
29 156 1
29 158 1
29 192 1
29 202 1
29 207 1
29 224 1
29 229 1
29 230 1
29 245 1
29 269 1
36 54 1
36 90 1
36 110 1
36 115 1
36 129 1
36 141 1
36 156 1
36 158 1
36 192 1
36 202 1
36 207 1
36 224 1
36 229 1
36 230 1
36 245 1
36 269 1
55 54 1
55 90 1
55 110 1
55 115 1
55 129 1
55 141 1
55 156 1
55 158 1
55 192 1
55 202 1
55 207 1
55 224 1
55 229 1
55 230 1
55 245 1
55 269 1
91 54 50
91 90 50
91 110 50
91 115 50
91 129 50
91 141 50
91 156 50
91 158 50
91 192 50
91 202 50
91 207 50
91 224 50
91 229 50
91 230 50
91 245 50
91 269 50
107 54 44
107 90 44
107 110 44
107 115 44
107 129 44
107 141 44
107 156 44
107 158 44
107 192 44
107 202 44
107 207 44
107 224 44
107 229 44
107 230 44
107 245 44
107 269 44
130 54 48
130 90 48
130 110 48
130 115 48
130 129 48
130 141 48
130 156 48
130 158 48
130 192 48
130 202 48
130 207 48
130 224 48
130 229 48
130 230 48
130 245 48
130 269 48
161 54 39
161 90 39
161 110 39
161 115 39
161 129 39
161 141 39
161 156 39
161 158 39
161 192 39
161 202 39
161 207 39
161 224 39
161 229 39
161 230 39
161 245 39
161 269 39
171 54 49
171 90 49
171 110 49
171 115 49
171 129 49
171 141 49
171 156 49
171 158 49
171 192 49
171 202 49
171 207 49
171 224 49
171 229 49
171 230 49
171 245 49
171 269 49
183 54 21
183 90 21
183 110 21
183 115 21
183 129 21
183 141 21
183 156 21
183 158 21
183 192 21
183 202 21
183 207 21
183 224 21
183 229 21
183 230 21
183 245 21
183 269 21
204 54 25
204 90 25
204 110 25
204 115 25
204 129 25
204 141 25
204 156 25
204 158 25
204 192 25
204 202 25
204 207 25
204 224 25
204 229 25
204 230 25
204 245 25
204 269 25
208 54 44
208 90 44
208 110 44
208 115 44
208 129 44
208 141 44
208 156 44
208 158 44
208 192 44
208 202 44
208 207 44
208 224 44
208 229 44
208 230 44
208 245 44
208 269 44
233 54 21
233 90 21
233 110 21
233 115 21
233 129 21
233 141 21
233 156 21
233 158 21
233 192 21
233 202 21
233 207 21
233 224 21
233 229 21
233 230 21
233 245 21
233 269 21
242 54 48
242 90 48
242 110 48
242 115 48
242 129 48
242 141 48
242 156 48
242 158 48
242 192 48
242 202 48
242 207 48
242 224 48
242 229 48
242 230 48
242 245 48
242 269 48
244 54 19
244 90 19
244 110 19
244 115 19
244 129 19
244 141 19
244 156 19
244 158 19
244 192 19
244 202 19
244 207 19
244 224 19
244 229 19
244 230 19
244 245 19
244 269 19
263 54 24
263 90 24
263 110 24
263 115 24
263 129 24
263 141 24
263 156 24
263 158 24
263 192 24
263 202 24
263 207 24
263 224 24
263 229 24
263 230 24
263 245 24
263 269 24
265 54 32
265 90 32
265 110 32
265 115 32
265 129 32
265 141 32
265 156 32
265 158 32
265 192 32
265 202 32
265 207 32
265 224 32
265 229 32
265 230 32
265 245 32
265 269 32
273 54 26
273 90 26
273 110 26
273 115 26
273 129 26
273 141 26
273 156 26
273 158 26
273 192 26
273 202 26
273 207 26
273 224 26
273 229 26
273 230 26
273 245 26
273 269 26
274 54 41
274 90 41
274 110 41
274 115 41
274 129 41
274 141 41
274 156 41
274 158 41
274 192 41
274 202 41
274 207 41
274 224 41
274 229 41
274 230 41
274 245 41
274 269 41
288 54 23
288 90 23
288 110 23
288 115 23
288 129 23
288 141 23
288 156 23
288 158 23
288 192 23
288 202 23
288 207 23
288 224 23
288 229 23
288 230 23
288 245 23
288 269 23
6 7 1
6 26 1
6 27 1
6 28 1
6 44 1
6 58 1
6 67 1
6 72 1
6 95 1
6 98 1
6 116 1
6 122 1
6 130 1
6 136 1
6 139 1
6 146 1
6 181 1
6 182 1
6 196 1
6 203 1
6 211 1
6 231 1
6 232 1
6 246 1
6 280 1
42 7 1
42 26 1
42 27 1
42 28 1
42 44 1
42 58 1
42 67 1
42 72 1
42 95 1
42 98 1
42 116 1
42 122 1
42 130 1
42 136 1
42 139 1
42 146 1
42 181 1
42 182 1
42 196 1
42 203 1
42 211 1
42 231 1
42 232 1
42 246 1
42 280 1
66 7 41
66 26 41
66 27 41
66 28 41
66 44 41
66 58 41
66 67 41
66 72 41
66 95 41
66 98 41
66 116 41
66 122 41
66 130 41
66 136 41
66 139 41
66 146 41
66 181 41
66 182 41
66 196 41
66 203 41
66 211 41
66 231 41
66 232 41
66 246 41
66 280 41
83 7 27
83 26 27
83 27 27
83 28 27
83 44 27
83 58 27
83 67 27
83 72 27
83 95 27
83 98 27
83 116 27
83 122 27
83 130 27
83 136 27
83 139 27
83 146 27
83 181 27
83 182 27
83 196 27
83 203 27
83 211 27
83 231 27
83 232 27
83 246 27
83 280 27
109 7 39
109 26 39
109 27 39
109 28 39
109 44 39
109 58 39
109 67 39
109 72 39
109 95 39
109 98 39
109 116 39
109 122 39
109 130 39
109 136 39
109 139 39
109 146 39
109 181 39
109 182 39
109 196 39
109 203 39
109 211 39
109 231 39
109 232 39
109 246 39
109 280 39
117 7 31
117 26 31
117 27 31
117 28 31
117 44 31
117 58 31
117 67 31
117 72 31
117 95 31
117 98 31
117 116 31
117 122 31
117 130 31
117 136 31
117 139 31
117 146 31
117 181 31
117 182 31
117 196 31
117 203 31
117 211 31
117 231 31
117 232 31
117 246 31
117 280 31
134 7 44
134 26 44
134 27 44
134 28 44
134 44 44
134 58 44
134 67 44
134 72 44
134 95 44
134 98 44
134 116 44
134 122 44
134 130 44
134 136 44
134 139 44
134 146 44
134 181 44
134 182 44
134 196 44
134 203 44
134 211 44
134 231 44
134 232 44
134 246 44
134 280 44
135 7 32
135 26 32
135 27 32
135 28 32
135 44 32
135 58 32
135 67 32
135 72 32
135 95 32
135 98 32
135 116 32
135 122 32
135 130 32
135 136 32
135 139 32
135 146 32
135 181 32
135 182 32
135 196 32
135 203 32
135 211 32
135 231 32
135 232 32
135 246 32
135 280 32
157 7 49
157 26 49
157 27 49
157 28 49
157 44 49
157 58 49
157 67 49
157 72 49
157 95 49
157 98 49
157 116 49
157 122 49
157 130 49
157 136 49
157 139 49
157 146 49
157 181 49
157 182 49
157 196 49
157 203 49
157 211 49
157 231 49
157 232 49
157 246 49
157 280 49
178 7 34
178 26 34
178 27 34
178 28 34
178 44 34
178 58 34
178 67 34
178 72 34
178 95 34
178 98 34
178 116 34
178 122 34
178 130 34
178 136 34
178 139 34
178 146 34
178 181 34
178 182 34
178 196 34
178 203 34
178 211 34
178 231 34
178 232 34
178 246 34
178 280 34
197 7 30
197 26 30
197 27 30
197 28 30
197 44 30
197 58 30
197 67 30
197 72 30
197 95 30
197 98 30
197 116 30
197 122 30
197 130 30
197 136 30
197 139 30
197 146 30
197 181 30
197 182 30
197 196 30
197 203 30
197 211 30
197 231 30
197 232 30
197 246 30
197 280 30
205 7 34
205 26 34
205 27 34
205 28 34
205 44 34
205 58 34
205 67 34
205 72 34
205 95 34
205 98 34
205 116 34
205 122 34
205 130 34
205 136 34
205 139 34
205 146 34
205 181 34
205 182 34
205 196 34
205 203 34
205 211 34
205 231 34
205 232 34
205 246 34
205 280 34
222 7 50
222 26 50
222 27 50
222 28 50
222 44 50
222 58 50
222 67 50
222 72 50
222 95 50
222 98 50
222 116 50
222 122 50
222 130 50
222 136 50
222 139 50
222 146 50
222 181 50
222 182 50
222 196 50
222 203 50
222 211 50
222 231 50
222 232 50
222 246 50
222 280 50
255 7 42
255 26 42
255 27 42
255 28 42
255 44 42
255 58 42
255 67 42
255 72 42
255 95 42
255 98 42
255 116 42
255 122 42
255 130 42
255 136 42
255 139 42
255 146 42
255 181 42
255 182 42
255 196 42
255 203 42
255 211 42
255 231 42
255 232 42
255 246 42
255 280 42
279 7 45
279 26 45
279 27 45
279 28 45
279 44 45
279 58 45
279 67 45
279 72 45
279 95 45
279 98 45
279 116 45
279 122 45
279 130 45
279 136 45
279 139 45
279 146 45
279 181 45
279 182 45
279 196 45
279 203 45
279 211 45
279 231 45
279 232 45
279 246 45
279 280 45
300 7 35
300 26 35
300 27 35
300 28 35
300 44 35
300 58 35
300 67 35
300 72 35
300 95 35
300 98 35
300 116 35
300 122 35
300 130 35
300 136 35
300 139 35
300 146 35
300 181 35
300 182 35
300 196 35
300 203 35
300 211 35
300 231 35
300 232 35
300 246 35
300 280 35
17 53 1
17 61 1
17 63 1
17 102 1
17 133 1
17 151 1
17 165 1
17 167 1
17 171 1
17 188 1
17 197 1
17 201 1
17 208 1
17 209 1
17 233 1
17 279 1
17 299 1
27 53 1
27 61 1
27 63 1
27 102 1
27 133 1
27 151 1
27 165 1
27 167 1
27 171 1
27 188 1
27 197 1
27 201 1
27 208 1
27 209 1
27 233 1
27 279 1
27 299 1
35 53 1
35 61 1
35 63 1
35 102 1
35 133 1
35 151 1
35 165 1
35 167 1
35 171 1
35 188 1
35 197 1
35 201 1
35 208 1
35 209 1
35 233 1
35 279 1
35 299 1
39 53 1
39 61 1
39 63 1
39 102 1
39 133 1
39 151 1
39 165 1
39 167 1
39 171 1
39 188 1
39 197 1
39 201 1
39 208 1
39 209 1
39 233 1
39 279 1
39 299 1
49 53 1
49 61 1
49 63 1
49 102 1
49 133 1
49 151 1
49 165 1
49 167 1
49 171 1
49 188 1
49 197 1
49 201 1
49 208 1
49 209 1
49 233 1
49 279 1
49 299 1
52 53 1
52 61 1
52 63 1
52 102 1
52 133 1
52 151 1
52 165 1
52 167 1
52 171 1
52 188 1
52 197 1
52 201 1
52 208 1
52 209 1
52 233 1
52 279 1
52 299 1
87 53 36
87 61 36
87 63 36
87 102 36
87 133 36
87 151 36
87 165 36
87 167 36
87 171 36
87 188 36
87 197 36
87 201 36
87 208 36
87 209 36
87 233 36
87 279 36
87 299 36
101 53 44
101 61 44
101 63 44
101 102 44
101 133 44
101 151 44
101 165 44
101 167 44
101 171 44
101 188 44
101 197 44
101 201 44
101 208 44
101 209 44
101 233 44
101 279 44
101 299 44
104 53 34
104 61 34
104 63 34
104 102 34
104 133 34
104 151 34
104 165 34
104 167 34
104 171 34
104 188 34
104 197 34
104 201 34
104 208 34
104 209 34
104 233 34
104 279 34
104 299 34
118 53 50
118 61 50
118 63 50
118 102 50
118 133 50
118 151 50
118 165 50
118 167 50
118 171 50
118 188 50
118 197 50
118 201 50
118 208 50
118 209 50
118 233 50
118 279 50
118 299 50
140 53 31
140 61 31
140 63 31
140 102 31
140 133 31
140 151 31
140 165 31
140 167 31
140 171 31
140 188 31
140 197 31
140 201 31
140 208 31
140 209 31
140 233 31
140 279 31
140 299 31
150 53 25
150 61 25
150 63 25
150 102 25
150 133 25
150 151 25
150 165 25
150 167 25
150 171 25
150 188 25
150 197 25
150 201 25
150 208 25
150 209 25
150 233 25
150 279 25
150 299 25
174 53 25
174 61 25
174 63 25
174 102 25
174 133 25
174 151 25
174 165 25
174 167 25
174 171 25
174 188 25
174 197 25
174 201 25
174 208 25
174 209 25
174 233 25
174 279 25
174 299 25
175 53 25
175 61 25
175 63 25
175 102 25
175 133 25
175 151 25
175 165 25
175 167 25
175 171 25
175 188 25
175 197 25
175 201 25
175 208 25
175 209 25
175 233 25
175 279 25
175 299 25
189 53 36
189 61 36
189 63 36
189 102 36
189 133 36
189 151 36
189 165 36
189 167 36
189 171 36
189 188 36
189 197 36
189 201 36
189 208 36
189 209 36
189 233 36
189 279 36
189 299 36
194 53 22
194 61 22
194 63 22
194 102 22
194 133 22
194 151 22
194 165 22
194 167 22
194 171 22
194 188 22
194 197 22
194 201 22
194 208 22
194 209 22
194 233 22
194 279 22
194 299 22
195 53 48
195 61 48
195 63 48
195 102 48
195 133 48
195 151 48
195 165 48
195 167 48
195 171 48
195 188 48
195 197 48
195 201 48
195 208 48
195 209 48
195 233 48
195 279 48
195 299 48
210 53 37
210 61 37
210 63 37
210 102 37
210 133 37
210 151 37
210 165 37
210 167 37
210 171 37
210 188 37
210 197 37
210 201 37
210 208 37
210 209 37
210 233 37
210 279 37
210 299 37
230 53 20
230 61 20
230 63 20
230 102 20
230 133 20
230 151 20
230 165 20
230 167 20
230 171 20
230 188 20
230 197 20
230 201 20
230 208 20
230 209 20
230 233 20
230 279 20
230 299 20
238 53 39
238 61 39
238 63 39
238 102 39
238 133 39
238 151 39
238 165 39
238 167 39
238 171 39
238 188 39
238 197 39
238 201 39
238 208 39
238 209 39
238 233 39
238 279 39
238 299 39
301 53 42
301 61 42
301 63 42
301 102 42
301 133 42
301 151 42
301 165 42
301 167 42
301 171 42
301 188 42
301 197 42
301 201 42
301 208 42
301 209 42
301 233 42
301 279 42
301 299 42
7 8 1
7 29 1
7 30 1
7 31 1
7 68 1
7 73 1
7 79 1
7 100 1
7 104 1
7 126 1
7 131 1
7 179 1
7 193 1
7 198 1
7 239 1
7 247 1
7 248 1
7 267 1
7 275 1
7 297 1
64 8 25
64 29 25
64 30 25
64 31 25
64 68 25
64 73 25
64 79 25
64 100 25
64 104 25
64 126 25
64 131 25
64 179 25
64 193 25
64 198 25
64 239 25
64 247 25
64 248 25
64 267 25
64 275 25
64 297 25
89 8 18
89 29 18
89 30 18
89 31 18
89 68 18
89 73 18
89 79 18
89 100 18
89 104 18
89 126 18
89 131 18
89 179 18
89 193 18
89 198 18
89 239 18
89 247 18
89 248 18
89 267 18
89 275 18
89 297 18
119 8 45
119 29 45
119 30 45
119 31 45
119 68 45
119 73 45
119 79 45
119 100 45
119 104 45
119 126 45
119 131 45
119 179 45
119 193 45
119 198 45
119 239 45
119 247 45
119 248 45
119 267 45
119 275 45
119 297 45
120 8 23
120 29 23
120 30 23
120 31 23
120 68 23
120 73 23
120 79 23
120 100 23
120 104 23
120 126 23
120 131 23
120 179 23
120 193 23
120 198 23
120 239 23
120 247 23
120 248 23
120 267 23
120 275 23
120 297 23
124 8 36
124 29 36
124 30 36
124 31 36
124 68 36
124 73 36
124 79 36
124 100 36
124 104 36
124 126 36
124 131 36
124 179 36
124 193 36
124 198 36
124 239 36
124 247 36
124 248 36
124 267 36
124 275 36
124 297 36
145 8 20
145 29 20
145 30 20
145 31 20
145 68 20
145 73 20
145 79 20
145 100 20
145 104 20
145 126 20
145 131 20
145 179 20
145 193 20
145 198 20
145 239 20
145 247 20
145 248 20
145 267 20
145 275 20
145 297 20
182 8 23
182 29 23
182 30 23
182 31 23
182 68 23
182 73 23
182 79 23
182 100 23
182 104 23
182 126 23
182 131 23
182 179 23
182 193 23
182 198 23
182 239 23
182 247 23
182 248 23
182 267 23
182 275 23
182 297 23
184 8 44
184 29 44
184 30 44
184 31 44
184 68 44
184 73 44
184 79 44
184 100 44
184 104 44
184 126 44
184 131 44
184 179 44
184 193 44
184 198 44
184 239 44
184 247 44
184 248 44
184 267 44
184 275 44
184 297 44
185 8 20
185 29 20
185 30 20
185 31 20
185 68 20
185 73 20
185 79 20
185 100 20
185 104 20
185 126 20
185 131 20
185 179 20
185 193 20
185 198 20
185 239 20
185 247 20
185 248 20
185 267 20
185 275 20
185 297 20
191 8 47
191 29 47
191 30 47
191 31 47
191 68 47
191 73 47
191 79 47
191 100 47
191 104 47
191 126 47
191 131 47
191 179 47
191 193 47
191 198 47
191 239 47
191 247 47
191 248 47
191 267 47
191 275 47
191 297 47
206 8 27
206 29 27
206 30 27
206 31 27
206 68 27
206 73 27
206 79 27
206 100 27
206 104 27
206 126 27
206 131 27
206 179 27
206 193 27
206 198 27
206 239 27
206 247 27
206 248 27
206 267 27
206 275 27
206 297 27
227 8 49
227 29 49
227 30 49
227 31 49
227 68 49
227 73 49
227 79 49
227 100 49
227 104 49
227 126 49
227 131 49
227 179 49
227 193 49
227 198 49
227 239 49
227 247 49
227 248 49
227 267 49
227 275 49
227 297 49
245 8 43
245 29 43
245 30 43
245 31 43
245 68 43
245 73 43
245 79 43
245 100 43
245 104 43
245 126 43
245 131 43
245 179 43
245 193 43
245 198 43
245 239 43
245 247 43
245 248 43
245 267 43
245 275 43
245 297 43
290 8 41
290 29 41
290 30 41
290 31 41
290 68 41
290 73 41
290 79 41
290 100 41
290 104 41
290 126 41
290 131 41
290 179 41
290 193 41
290 198 41
290 239 41
290 247 41
290 248 41
290 267 41
290 275 41
290 297 41
13 49 1
13 84 1
13 94 1
13 124 1
13 148 1
13 164 1
13 178 1
13 185 1
13 189 1
13 194 1
13 199 1
13 204 1
13 214 1
13 215 1
13 225 1
13 242 1
13 249 1
15 49 1
15 84 1
15 94 1
15 124 1
15 148 1
15 164 1
15 178 1
15 185 1
15 189 1
15 194 1
15 199 1
15 204 1
15 214 1
15 215 1
15 225 1
15 242 1
15 249 1
18 49 1
18 84 1
18 94 1
18 124 1
18 148 1
18 164 1
18 178 1
18 185 1
18 189 1
18 194 1
18 199 1
18 204 1
18 214 1
18 215 1
18 225 1
18 242 1
18 249 1
25 49 1
25 84 1
25 94 1
25 124 1
25 148 1
25 164 1
25 178 1
25 185 1
25 189 1
25 194 1
25 199 1
25 204 1
25 214 1
25 215 1
25 225 1
25 242 1
25 249 1
31 49 1
31 84 1
31 94 1
31 124 1
31 148 1
31 164 1
31 178 1
31 185 1
31 189 1
31 194 1
31 199 1
31 204 1
31 214 1
31 215 1
31 225 1
31 242 1
31 249 1
50 49 1
50 84 1
50 94 1
50 124 1
50 148 1
50 164 1
50 178 1
50 185 1
50 189 1
50 194 1
50 199 1
50 204 1
50 214 1
50 215 1
50 225 1
50 242 1
50 249 1
51 49 1
51 84 1
51 94 1
51 124 1
51 148 1
51 164 1
51 178 1
51 185 1
51 189 1
51 194 1
51 199 1
51 204 1
51 214 1
51 215 1
51 225 1
51 242 1
51 249 1
53 49 1
53 84 1
53 94 1
53 124 1
53 148 1
53 164 1
53 178 1
53 185 1
53 189 1
53 194 1
53 199 1
53 204 1
53 214 1
53 215 1
53 225 1
53 242 1
53 249 1
65 49 40
65 84 40
65 94 40
65 124 40
65 148 40
65 164 40
65 178 40
65 185 40
65 189 40
65 194 40
65 199 40
65 204 40
65 214 40
65 215 40
65 225 40
65 242 40
65 249 40
74 49 34
74 84 34
74 94 34
74 124 34
74 148 34
74 164 34
74 178 34
74 185 34
74 189 34
74 194 34
74 199 34
74 204 34
74 214 34
74 215 34
74 225 34
74 242 34
74 249 34
95 49 24
95 84 24
95 94 24
95 124 24
95 148 24
95 164 24
95 178 24
95 185 24
95 189 24
95 194 24
95 199 24
95 204 24
95 214 24
95 215 24
95 225 24
95 242 24
95 249 24
105 49 43
105 84 43
105 94 43
105 124 43
105 148 43
105 164 43
105 178 43
105 185 43
105 189 43
105 194 43
105 199 43
105 204 43
105 214 43
105 215 43
105 225 43
105 242 43
105 249 43
128 49 47
128 84 47
128 94 47
128 124 47
128 148 47
128 164 47
128 178 47
128 185 47
128 189 47
128 194 47
128 199 47
128 204 47
128 214 47
128 215 47
128 225 47
128 242 47
128 249 47
129 49 19
129 84 19
129 94 19
129 124 19
129 148 19
129 164 19
129 178 19
129 185 19
129 189 19
129 194 19
129 199 19
129 204 19
129 214 19
129 215 19
129 225 19
129 242 19
129 249 19
165 49 47
165 84 47
165 94 47
165 124 47
165 148 47
165 164 47
165 178 47
165 185 47
165 189 47
165 194 47
165 199 47
165 204 47
165 214 47
165 215 47
165 225 47
165 242 47
165 249 47
207 49 45
207 84 45
207 94 45
207 124 45
207 148 45
207 164 45
207 178 45
207 185 45
207 189 45
207 194 45
207 199 45
207 204 45
207 214 45
207 215 45
207 225 45
207 242 45
207 249 45
217 49 45
217 84 45
217 94 45
217 124 45
217 148 45
217 164 45
217 178 45
217 185 45
217 189 45
217 194 45
217 199 45
217 204 45
217 214 45
217 215 45
217 225 45
217 242 45
217 249 45
226 49 40
226 84 40
226 94 40
226 124 40
226 148 40
226 164 40
226 178 40
226 185 40
226 189 40
226 194 40
226 199 40
226 204 40
226 214 40
226 215 40
226 225 40
226 242 40
226 249 40
248 49 39
248 84 39
248 94 39
248 124 39
248 148 39
248 164 39
248 178 39
248 185 39
248 189 39
248 194 39
248 199 39
248 204 39
248 214 39
248 215 39
248 225 39
248 242 39
248 249 39
277 49 31
277 84 31
277 94 31
277 124 31
277 148 31
277 164 31
277 178 31
277 185 31
277 189 31
277 194 31
277 199 31
277 204 31
277 214 31
277 215 31
277 225 31
277 242 31
277 249 31
278 49 21
278 84 21
278 94 21
278 124 21
278 148 21
278 164 21
278 178 21
278 185 21
278 189 21
278 194 21
278 199 21
278 204 21
278 214 21
278 215 21
278 225 21
278 242 21
278 249 21
296 49 42
296 84 42
296 94 42
296 124 42
296 148 42
296 164 42
296 178 42
296 185 42
296 189 42
296 194 42
296 199 42
296 204 42
296 214 42
296 215 42
296 225 42
296 242 42
296 249 42
5 6 1
5 23 1
5 24 1
5 25 1
5 46 1
5 74 1
5 96 1
5 163 1
5 169 1
5 219 1
5 235 1
5 236 1
5 268 1
5 273 1
5 285 1
62 6 31
62 23 31
62 24 31
62 25 31
62 46 31
62 74 31
62 96 31
62 163 31
62 169 31
62 219 31
62 235 31
62 236 31
62 268 31
62 273 31
62 285 31
70 6 35
70 23 35
70 24 35
70 25 35
70 46 35
70 74 35
70 96 35
70 163 35
70 169 35
70 219 35
70 235 35
70 236 35
70 268 35
70 273 35
70 285 35
71 6 49
71 23 49
71 24 49
71 25 49
71 46 49
71 74 49
71 96 49
71 163 49
71 169 49
71 219 49
71 235 49
71 236 49
71 268 49
71 273 49
71 285 49
81 6 47
81 23 47
81 24 47
81 25 47
81 46 47
81 74 47
81 96 47
81 163 47
81 169 47
81 219 47
81 235 47
81 236 47
81 268 47
81 273 47
81 285 47
86 6 44
86 23 44
86 24 44
86 25 44
86 46 44
86 74 44
86 96 44
86 163 44
86 169 44
86 219 44
86 235 44
86 236 44
86 268 44
86 273 44
86 285 44
146 6 27
146 23 27
146 24 27
146 25 27
146 46 27
146 74 27
146 96 27
146 163 27
146 169 27
146 219 27
146 235 27
146 236 27
146 268 27
146 273 27
146 285 27
147 6 41
147 23 41
147 24 41
147 25 41
147 46 41
147 74 41
147 96 41
147 163 41
147 169 41
147 219 41
147 235 41
147 236 41
147 268 41
147 273 41
147 285 41
172 6 46
172 23 46
172 24 46
172 25 46
172 46 46
172 74 46
172 96 46
172 163 46
172 169 46
172 219 46
172 235 46
172 236 46
172 268 46
172 273 46
172 285 46
179 6 40
179 23 40
179 24 40
179 25 40
179 46 40
179 74 40
179 96 40
179 163 40
179 169 40
179 219 40
179 235 40
179 236 40
179 268 40
179 273 40
179 285 40
187 6 49
187 23 49
187 24 49
187 25 49
187 46 49
187 74 49
187 96 49
187 163 49
187 169 49
187 219 49
187 235 49
187 236 49
187 268 49
187 273 49
187 285 49
196 6 41
196 23 41
196 24 41
196 25 41
196 46 41
196 74 41
196 96 41
196 163 41
196 169 41
196 219 41
196 235 41
196 236 41
196 268 41
196 273 41
196 285 41
228 6 33
228 23 33
228 24 33
228 25 33
228 46 33
228 74 33
228 96 33
228 163 33
228 169 33
228 219 33
228 235 33
228 236 33
228 268 33
228 273 33
228 285 33
239 6 49
239 23 49
239 24 49
239 25 49
239 46 49
239 74 49
239 96 49
239 163 49
239 169 49
239 219 49
239 235 49
239 236 49
239 268 49
239 273 49
239 285 49
256 6 40
256 23 40
256 24 40
256 25 40
256 46 40
256 74 40
256 96 40
256 163 40
256 169 40
256 219 40
256 235 40
256 236 40
256 268 40
256 273 40
256 285 40
272 6 42
272 23 42
272 24 42
272 25 42
272 46 42
272 74 42
272 96 42
272 163 42
272 169 42
272 219 42
272 235 42
272 236 42
272 268 42
272 273 42
272 285 42
8 9 1
8 32 1
8 33 1
8 34 1
8 76 1
8 111 1
8 114 1
8 168 1
8 226 1
8 240 1
8 251 1
8 252 1
8 278 1
8 287 1
41 9 1
41 32 1
41 33 1
41 34 1
41 76 1
41 111 1
41 114 1
41 168 1
41 226 1
41 240 1
41 251 1
41 252 1
41 278 1
41 287 1
45 9 1
45 32 1
45 33 1
45 34 1
45 76 1
45 111 1
45 114 1
45 168 1
45 226 1
45 240 1
45 251 1
45 252 1
45 278 1
45 287 1
103 9 42
103 32 42
103 33 42
103 34 42
103 76 42
103 111 42
103 114 42
103 168 42
103 226 42
103 240 42
103 251 42
103 252 42
103 278 42
103 287 42
139 9 26
139 32 26
139 33 26
139 34 26
139 76 26
139 111 26
139 114 26
139 168 26
139 226 26
139 240 26
139 251 26
139 252 26
139 278 26
139 287 26
152 9 25
152 32 25
152 33 25
152 34 25
152 76 25
152 111 25
152 114 25
152 168 25
152 226 25
152 240 25
152 251 25
152 252 25
152 278 25
152 287 25
180 9 34
180 32 34
180 33 34
180 34 34
180 76 34
180 111 34
180 114 34
180 168 34
180 226 34
180 240 34
180 251 34
180 252 34
180 278 34
180 287 34
186 9 31
186 32 31
186 33 31
186 34 31
186 76 31
186 111 31
186 114 31
186 168 31
186 226 31
186 240 31
186 251 31
186 252 31
186 278 31
186 287 31
193 9 29
193 32 29
193 33 29
193 34 29
193 76 29
193 111 29
193 114 29
193 168 29
193 226 29
193 240 29
193 251 29
193 252 29
193 278 29
193 287 29
200 9 47
200 32 47
200 33 47
200 34 47
200 76 47
200 111 47
200 114 47
200 168 47
200 226 47
200 240 47
200 251 47
200 252 47
200 278 47
200 287 47
212 9 38
212 32 38
212 33 38
212 34 38
212 76 38
212 111 38
212 114 38
212 168 38
212 226 38
212 240 38
212 251 38
212 252 38
212 278 38
212 287 38
215 9 24
215 32 24
215 33 24
215 34 24
215 76 24
215 111 24
215 114 24
215 168 24
215 226 24
215 240 24
215 251 24
215 252 24
215 278 24
215 287 24
235 9 43
235 32 43
235 33 43
235 34 43
235 76 43
235 111 43
235 114 43
235 168 43
235 226 43
235 240 43
235 251 43
235 252 43
235 278 43
235 287 43
243 9 47
243 32 47
243 33 47
243 34 47
243 76 47
243 111 47
243 114 47
243 168 47
243 226 47
243 240 47
243 251 47
243 252 47
243 278 47
243 287 47
258 9 24
258 32 24
258 33 24
258 34 24
258 76 24
258 111 24
258 114 24
258 168 24
258 226 24
258 240 24
258 251 24
258 252 24
258 278 24
258 287 24
289 9 39
289 32 39
289 33 39
289 34 39
289 76 39
289 111 39
289 114 39
289 168 39
289 226 39
289 240 39
289 251 39
289 252 39
289 278 39
289 287 39
294 9 46
294 32 46
294 33 46
294 34 46
294 76 46
294 111 46
294 114 46
294 168 46
294 226 46
294 240 46
294 251 46
294 252 46
294 278 46
294 287 46
299 9 26
299 32 26
299 33 26
299 34 26
299 76 26
299 111 26
299 114 26
299 168 26
299 226 26
299 240 26
299 251 26
299 252 26
299 278 26
299 287 26
14 55 1
14 60 1
14 107 1
14 117 1
14 135 1
14 143 1
14 144 1
14 174 1
14 176 1
14 195 1
14 257 1
14 261 1
14 289 1
14 292 1
14 301 1
20 55 1
20 60 1
20 107 1
20 117 1
20 135 1
20 143 1
20 144 1
20 174 1
20 176 1
20 195 1
20 257 1
20 261 1
20 289 1
20 292 1
20 301 1
24 55 1
24 60 1
24 107 1
24 117 1
24 135 1
24 143 1
24 144 1
24 174 1
24 176 1
24 195 1
24 257 1
24 261 1
24 289 1
24 292 1
24 301 1
28 55 1
28 60 1
28 107 1
28 117 1
28 135 1
28 143 1
28 144 1
28 174 1
28 176 1
28 195 1
28 257 1
28 261 1
28 289 1
28 292 1
28 301 1
32 55 1
32 60 1
32 107 1
32 117 1
32 135 1
32 143 1
32 144 1
32 174 1
32 176 1
32 195 1
32 257 1
32 261 1
32 289 1
32 292 1
32 301 1
37 55 1
37 60 1
37 107 1
37 117 1
37 135 1
37 143 1
37 144 1
37 174 1
37 176 1
37 195 1
37 257 1
37 261 1
37 289 1
37 292 1
37 301 1
56 55 42
56 60 42
56 107 42
56 117 42
56 135 42
56 143 42
56 144 42
56 174 42
56 176 42
56 195 42
56 257 42
56 261 42
56 289 42
56 292 42
56 301 42
75 55 46
75 60 46
75 107 46
75 117 46
75 135 46
75 143 46
75 144 46
75 174 46
75 176 46
75 195 46
75 257 46
75 261 46
75 289 46
75 292 46
75 301 46
77 55 47
77 60 47
77 107 47
77 117 47
77 135 47
77 143 47
77 144 47
77 174 47
77 176 47
77 195 47
77 257 47
77 261 47
77 289 47
77 292 47
77 301 47
84 55 40
84 60 40
84 107 40
84 117 40
84 135 40
84 143 40
84 144 40
84 174 40
84 176 40
84 195 40
84 257 40
84 261 40
84 289 40
84 292 40
84 301 40
85 55 30
85 60 30
85 107 30
85 117 30
85 135 30
85 143 30
85 144 30
85 174 30
85 176 30
85 195 30
85 257 30
85 261 30
85 289 30
85 292 30
85 301 30
113 55 21
113 60 21
113 107 21
113 117 21
113 135 21
113 143 21
113 144 21
113 174 21
113 176 21
113 195 21
113 257 21
113 261 21
113 289 21
113 292 21
113 301 21
133 55 33
133 60 33
133 107 33
133 117 33
133 135 33
133 143 33
133 144 33
133 174 33
133 176 33
133 195 33
133 257 33
133 261 33
133 289 33
133 292 33
133 301 33
202 55 38
202 60 38
202 107 38
202 117 38
202 135 38
202 143 38
202 144 38
202 174 38
202 176 38
202 195 38
202 257 38
202 261 38
202 289 38
202 292 38
202 301 38
213 55 25
213 60 25
213 107 25
213 117 25
213 135 25
213 143 25
213 144 25
213 174 25
213 176 25
213 195 25
213 257 25
213 261 25
213 289 25
213 292 25
213 301 25
229 55 38
229 60 38
229 107 38
229 117 38
229 135 38
229 143 38
229 144 38
229 174 38
229 176 38
229 195 38
229 257 38
229 261 38
229 289 38
229 292 38
229 301 38
271 55 29
271 60 29
271 107 29
271 117 29
271 135 29
271 143 29
271 144 29
271 174 29
271 176 29
271 195 29
271 257 29
271 261 29
271 289 29
271 292 29
271 301 29
295 55 32
295 60 32
295 107 32
295 117 32
295 135 32
295 143 32
295 144 32
295 174 32
295 176 32
295 195 32
295 257 32
295 261 32
295 289 32
295 292 32
295 301 32
11 56 1
11 64 1
11 69 1
11 82 1
11 97 1
11 125 1
11 137 1
11 159 1
11 190 1
11 200 1
11 212 1
11 264 1
11 293 1
16 56 1
16 64 1
16 69 1
16 82 1
16 97 1
16 125 1
16 137 1
16 159 1
16 190 1
16 200 1
16 212 1
16 264 1
16 293 1
22 56 1
22 64 1
22 69 1
22 82 1
22 97 1
22 125 1
22 137 1
22 159 1
22 190 1
22 200 1
22 212 1
22 264 1
22 293 1
23 56 1
23 64 1
23 69 1
23 82 1
23 97 1
23 125 1
23 137 1
23 159 1
23 190 1
23 200 1
23 212 1
23 264 1
23 293 1
40 56 1
40 64 1
40 69 1
40 82 1
40 97 1
40 125 1
40 137 1
40 159 1
40 190 1
40 200 1
40 212 1
40 264 1
40 293 1
90 56 49
90 64 49
90 69 49
90 82 49
90 97 49
90 125 49
90 137 49
90 159 49
90 190 49
90 200 49
90 212 49
90 264 49
90 293 49
114 56 19
114 64 19
114 69 19
114 82 19
114 97 19
114 125 19
114 137 19
114 159 19
114 190 19
114 200 19
114 212 19
114 264 19
114 293 19
116 56 34
116 64 34
116 69 34
116 82 34
116 97 34
116 125 34
116 137 34
116 159 34
116 190 34
116 200 34
116 212 34
116 264 34
116 293 34
158 56 37
158 64 37
158 69 37
158 82 37
158 97 37
158 125 37
158 137 37
158 159 37
158 190 37
158 200 37
158 212 37
158 264 37
158 293 37
166 56 27
166 64 27
166 69 27
166 82 27
166 97 27
166 125 27
166 137 27
166 159 27
166 190 27
166 200 27
166 212 27
166 264 27
166 293 27
192 56 19
192 64 19
192 69 19
192 82 19
192 97 19
192 125 19
192 137 19
192 159 19
192 190 19
192 200 19
192 212 19
192 264 19
192 293 19
249 56 43
249 64 43
249 69 43
249 82 43
249 97 43
249 125 43
249 137 43
249 159 43
249 190 43
249 200 43
249 212 43
249 264 43
249 293 43
257 56 41
257 64 41
257 69 41
257 82 41
257 97 41
257 125 41
257 137 41
257 159 41
257 190 41
257 200 41
257 212 41
257 264 41
257 293 41
260 56 39
260 64 39
260 69 39
260 82 39
260 97 39
260 125 39
260 137 39
260 159 39
260 190 39
260 200 39
260 212 39
260 264 39
260 293 39
276 56 24
276 64 24
276 69 24
276 82 24
276 97 24
276 125 24
276 137 24
276 159 24
276 190 24
276 200 24
276 212 24
276 264 24
276 293 24
281 56 33
281 64 33
281 69 33
281 82 33
281 97 33
281 125 33
281 137 33
281 159 33
281 190 33
281 200 33
281 212 33
281 264 33
281 293 33
282 56 37
282 64 37
282 69 37
282 82 37
282 97 37
282 125 37
282 137 37
282 159 37
282 190 37
282 200 37
282 212 37
282 264 37
282 293 37
2 3 2
2 14 2
2 15 2
2 16 2
2 87 2
2 92 2
2 93 2
2 105 2
2 134 2
2 155 2
2 173 2
2 210 2
2 253 2
2 255 2
2 283 2
2 286 2
2 291 2
2 300 2
44 3 1
44 14 1
44 15 1
44 16 1
44 87 1
44 92 1
44 93 1
44 105 1
44 134 1
44 155 1
44 173 1
44 210 1
44 253 1
44 255 1
44 283 1
44 286 1
44 291 1
44 300 1
46 3 1
46 14 1
46 15 1
46 16 1
46 87 1
46 92 1
46 93 1
46 105 1
46 134 1
46 155 1
46 173 1
46 210 1
46 253 1
46 255 1
46 283 1
46 286 1
46 291 1
46 300 1
47 3 1
47 14 1
47 15 1
47 16 1
47 87 1
47 92 1
47 93 1
47 105 1
47 134 1
47 155 1
47 173 1
47 210 1
47 253 1
47 255 1
47 283 1
47 286 1
47 291 1
47 300 1
61 3 50
61 14 50
61 15 50
61 16 50
61 87 50
61 92 50
61 93 50
61 105 50
61 134 50
61 155 50
61 173 50
61 210 50
61 253 50
61 255 50
61 283 50
61 286 50
61 291 50
61 300 50
73 3 19
73 14 19
73 15 19
73 16 19
73 87 19
73 92 19
73 93 19
73 105 19
73 134 19
73 155 19
73 173 19
73 210 19
73 253 19
73 255 19
73 283 19
73 286 19
73 291 19
73 300 19
78 3 25
78 14 25
78 15 25
78 16 25
78 87 25
78 92 25
78 93 25
78 105 25
78 134 25
78 155 25
78 173 25
78 210 25
78 253 25
78 255 25
78 283 25
78 286 25
78 291 25
78 300 25
80 3 30
80 14 30
80 15 30
80 16 30
80 87 30
80 92 30
80 93 30
80 105 30
80 134 30
80 155 30
80 173 30
80 210 30
80 253 30
80 255 30
80 283 30
80 286 30
80 291 30
80 300 30
102 3 21
102 14 21
102 15 21
102 16 21
102 87 21
102 92 21
102 93 21
102 105 21
102 134 21
102 155 21
102 173 21
102 210 21
102 253 21
102 255 21
102 283 21
102 286 21
102 291 21
102 300 21
112 3 36
112 14 36
112 15 36
112 16 36
112 87 36
112 92 36
112 93 36
112 105 36
112 134 36
112 155 36
112 173 36
112 210 36
112 253 36
112 255 36
112 283 36
112 286 36
112 291 36
112 300 36
115 3 19
115 14 19
115 15 19
115 16 19
115 87 19
115 92 19
115 93 19
115 105 19
115 134 19
115 155 19
115 173 19
115 210 19
115 253 19
115 255 19
115 283 19
115 286 19
115 291 19
115 300 19
127 3 20
127 14 20
127 15 20
127 16 20
127 87 20
127 92 20
127 93 20
127 105 20
127 134 20
127 155 20
127 173 20
127 210 20
127 253 20
127 255 20
127 283 20
127 286 20
127 291 20
127 300 20
143 3 46
143 14 46
143 15 46
143 16 46
143 87 46
143 92 46
143 93 46
143 105 46
143 134 46
143 155 46
143 173 46
143 210 46
143 253 46
143 255 46
143 283 46
143 286 46
143 291 46
143 300 46
176 3 34
176 14 34
176 15 34
176 16 34
176 87 34
176 92 34
176 93 34
176 105 34
176 134 34
176 155 34
176 173 34
176 210 34
176 253 34
176 255 34
176 283 34
176 286 34
176 291 34
176 300 34
181 3 49
181 14 49
181 15 49
181 16 49
181 87 49
181 92 49
181 93 49
181 105 49
181 134 49
181 155 49
181 173 49
181 210 49
181 253 49
181 255 49
181 283 49
181 286 49
181 291 49
181 300 49
199 3 35
199 14 35
199 15 35
199 16 35
199 87 35
199 92 35
199 93 35
199 105 35
199 134 35
199 155 35
199 173 35
199 210 35
199 253 35
199 255 35
199 283 35
199 286 35
199 291 35
199 300 35
232 3 22
232 14 22
232 15 22
232 16 22
232 87 22
232 92 22
232 93 22
232 105 22
232 134 22
232 155 22
232 173 22
232 210 22
232 253 22
232 255 22
232 283 22
232 286 22
232 291 22
232 300 22
241 3 43
241 14 43
241 15 43
241 16 43
241 87 43
241 92 43
241 93 43
241 105 43
241 134 43
241 155 43
241 173 43
241 210 43
241 253 43
241 255 43
241 283 43
241 286 43
241 291 43
241 300 43
250 3 38
250 14 38
250 15 38
250 16 38
250 87 38
250 92 38
250 93 38
250 105 38
250 134 38
250 155 38
250 173 38
250 210 38
250 253 38
250 255 38
250 283 38
250 286 38
250 291 38
250 300 38
3 4 1
3 17 1
3 18 1
3 19 1
3 66 1
3 83 1
3 108 1
3 112 1
3 138 1
3 152 1
3 177 1
3 183 1
3 187 1
3 205 1
3 213 1
3 221 1
3 241 1
3 244 1
3 274 1
59 4 41
59 17 41
59 18 41
59 19 41
59 66 41
59 83 41
59 108 41
59 112 41
59 138 41
59 152 41
59 177 41
59 183 41
59 187 41
59 205 41
59 213 41
59 221 41
59 241 41
59 244 41
59 274 41
82 4 21
82 17 21
82 18 21
82 19 21
82 66 21
82 83 21
82 108 21
82 112 21
82 138 21
82 152 21
82 177 21
82 183 21
82 187 21
82 205 21
82 213 21
82 221 21
82 241 21
82 244 21
82 274 21
92 4 32
92 17 32
92 18 32
92 19 32
92 66 32
92 83 32
92 108 32
92 112 32
92 138 32
92 152 32
92 177 32
92 183 32
92 187 32
92 205 32
92 213 32
92 221 32
92 241 32
92 244 32
92 274 32
106 4 40
106 17 40
106 18 40
106 19 40
106 66 40
106 83 40
106 108 40
106 112 40
106 138 40
106 152 40
106 177 40
106 183 40
106 187 40
106 205 40
106 213 40
106 221 40
106 241 40
106 244 40
106 274 40
121 4 32
121 17 32
121 18 32
121 19 32
121 66 32
121 83 32
121 108 32
121 112 32
121 138 32
121 152 32
121 177 32
121 183 32
121 187 32
121 205 32
121 213 32
121 221 32
121 241 32
121 244 32
121 274 32
137 4 25
137 17 25
137 18 25
137 19 25
137 66 25
137 83 25
137 108 25
137 112 25
137 138 25
137 152 25
137 177 25
137 183 25
137 187 25
137 205 25
137 213 25
137 221 25
137 241 25
137 244 25
137 274 25
154 4 18
154 17 18
154 18 18
154 19 18
154 66 18
154 83 18
154 108 18
154 112 18
154 138 18
154 152 18
154 177 18
154 183 18
154 187 18
154 205 18
154 213 18
154 221 18
154 241 18
154 244 18
154 274 18
188 4 29
188 17 29
188 18 29
188 19 29
188 66 29
188 83 29
188 108 29
188 112 29
188 138 29
188 152 29
188 177 29
188 183 29
188 187 29
188 205 29
188 213 29
188 221 29
188 241 29
188 244 29
188 274 29
198 4 29
198 17 29
198 18 29
198 19 29
198 66 29
198 83 29
198 108 29
198 112 29
198 138 29
198 152 29
198 177 29
198 183 29
198 187 29
198 205 29
198 213 29
198 221 29
198 241 29
198 244 29
198 274 29
220 4 41
220 17 41
220 18 41
220 19 41
220 66 41
220 83 41
220 108 41
220 112 41
220 138 41
220 152 41
220 177 41
220 183 41
220 187 41
220 205 41
220 213 41
220 221 41
220 241 41
220 244 41
220 274 41
224 4 23
224 17 23
224 18 23
224 19 23
224 66 23
224 83 23
224 108 23
224 112 23
224 138 23
224 152 23
224 177 23
224 183 23
224 187 23
224 205 23
224 213 23
224 221 23
224 241 23
224 244 23
224 274 23
225 4 22
225 17 22
225 18 22
225 19 22
225 66 22
225 83 22
225 108 22
225 112 22
225 138 22
225 152 22
225 177 22
225 183 22
225 187 22
225 205 22
225 213 22
225 221 22
225 241 22
225 244 22
225 274 22
240 4 41
240 17 41
240 18 41
240 19 41
240 66 41
240 83 41
240 108 41
240 112 41
240 138 41
240 152 41
240 177 41
240 183 41
240 187 41
240 205 41
240 213 41
240 221 41
240 241 41
240 244 41
240 274 41
259 4 40
259 17 40
259 18 40
259 19 40
259 66 40
259 83 40
259 108 40
259 112 40
259 138 40
259 152 40
259 177 40
259 183 40
259 187 40
259 205 40
259 213 40
259 221 40
259 241 40
259 244 40
259 274 40
285 4 35
285 17 35
285 18 35
285 19 35
285 66 35
285 83 35
285 108 35
285 112 35
285 138 35
285 152 35
285 177 35
285 183 35
285 187 35
285 205 35
285 213 35
285 221 35
285 241 35
285 244 35
285 274 35
293 4 43
293 17 43
293 18 43
293 19 43
293 66 43
293 83 43
293 108 43
293 112 43
293 138 43
293 152 43
293 177 43
293 183 43
293 187 43
293 205 43
293 213 43
293 221 43
293 241 43
293 244 43
293 274 43
9 10 1
9 35 1
9 36 1
9 37 1
9 41 1
9 42 1
9 43 1
9 45 1
9 57 1
9 62 1
9 77 1
9 80 1
9 88 1
9 142 1
9 153 1
9 160 1
9 172 1
9 180 1
9 184 1
9 206 1
9 222 1
9 243 1
9 263 1
9 265 1
9 281 1
9 282 1
9 284 1
9 288 1
48 10 1
48 35 1
48 36 1
48 37 1
48 41 1
48 42 1
48 43 1
48 45 1
48 57 1
48 62 1
48 77 1
48 80 1
48 88 1
48 142 1
48 153 1
48 160 1
48 172 1
48 180 1
48 184 1
48 206 1
48 222 1
48 243 1
48 263 1
48 265 1
48 281 1
48 282 1
48 284 1
48 288 1
98 10 32
98 35 32
98 36 32
98 37 32
98 41 32
98 42 32
98 43 32
98 45 32
98 57 32
98 62 32
98 77 32
98 80 32
98 88 32
98 142 32
98 153 32
98 160 32
98 172 32
98 180 32
98 184 32
98 206 32
98 222 32
98 243 32
98 263 32
98 265 32
98 281 32
98 282 32
98 284 32
98 288 32
144 10 19
144 35 19
144 36 19
144 37 19
144 41 19
144 42 19
144 43 19
144 45 19
144 57 19
144 62 19
144 77 19
144 80 19
144 88 19
144 142 19
144 153 19
144 160 19
144 172 19
144 180 19
144 184 19
144 206 19
144 222 19
144 243 19
144 263 19
144 265 19
144 281 19
144 282 19
144 284 19
144 288 19
148 10 43
148 35 43
148 36 43
148 37 43
148 41 43
148 42 43
148 43 43
148 45 43
148 57 43
148 62 43
148 77 43
148 80 43
148 88 43
148 142 43
148 153 43
148 160 43
148 172 43
148 180 43
148 184 43
148 206 43
148 222 43
148 243 43
148 263 43
148 265 43
148 281 43
148 282 43
148 284 43
148 288 43
162 10 27
162 35 27
162 36 27
162 37 27
162 41 27
162 42 27
162 43 27
162 45 27
162 57 27
162 62 27
162 77 27
162 80 27
162 88 27
162 142 27
162 153 27
162 160 27
162 172 27
162 180 27
162 184 27
162 206 27
162 222 27
162 243 27
162 263 27
162 265 27
162 281 27
162 282 27
162 284 27
162 288 27
169 10 34
169 35 34
169 36 34
169 37 34
169 41 34
169 42 34
169 43 34
169 45 34
169 57 34
169 62 34
169 77 34
169 80 34
169 88 34
169 142 34
169 153 34
169 160 34
169 172 34
169 180 34
169 184 34
169 206 34
169 222 34
169 243 34
169 263 34
169 265 34
169 281 34
169 282 34
169 284 34
169 288 34
190 10 39
190 35 39
190 36 39
190 37 39
190 41 39
190 42 39
190 43 39
190 45 39
190 57 39
190 62 39
190 77 39
190 80 39
190 88 39
190 142 39
190 153 39
190 160 39
190 172 39
190 180 39
190 184 39
190 206 39
190 222 39
190 243 39
190 263 39
190 265 39
190 281 39
190 282 39
190 284 39
190 288 39
211 10 49
211 35 49
211 36 49
211 37 49
211 41 49
211 42 49
211 43 49
211 45 49
211 57 49
211 62 49
211 77 49
211 80 49
211 88 49
211 142 49
211 153 49
211 160 49
211 172 49
211 180 49
211 184 49
211 206 49
211 222 49
211 243 49
211 263 49
211 265 49
211 281 49
211 282 49
211 284 49
211 288 49
246 10 44
246 35 44
246 36 44
246 37 44
246 41 44
246 42 44
246 43 44
246 45 44
246 57 44
246 62 44
246 77 44
246 80 44
246 88 44
246 142 44
246 153 44
246 160 44
246 172 44
246 180 44
246 184 44
246 206 44
246 222 44
246 243 44
246 263 44
246 265 44
246 281 44
246 282 44
246 284 44
246 288 44
252 10 38
252 35 38
252 36 38
252 37 38
252 41 38
252 42 38
252 43 38
252 45 38
252 57 38
252 62 38
252 77 38
252 80 38
252 88 38
252 142 38
252 153 38
252 160 38
252 172 38
252 180 38
252 184 38
252 206 38
252 222 38
252 243 38
252 263 38
252 265 38
252 281 38
252 282 38
252 284 38
252 288 38
254 10 44
254 35 44
254 36 44
254 37 44
254 41 44
254 42 44
254 43 44
254 45 44
254 57 44
254 62 44
254 77 44
254 80 44
254 88 44
254 142 44
254 153 44
254 160 44
254 172 44
254 180 44
254 184 44
254 206 44
254 222 44
254 243 44
254 263 44
254 265 44
254 281 44
254 282 44
254 284 44
254 288 44
264 10 25
264 35 25
264 36 25
264 37 25
264 41 25
264 42 25
264 43 25
264 45 25
264 57 25
264 62 25
264 77 25
264 80 25
264 88 25
264 142 25
264 153 25
264 160 25
264 172 25
264 180 25
264 184 25
264 206 25
264 222 25
264 243 25
264 263 25
264 265 25
264 281 25
264 282 25
264 284 25
264 288 25
269 10 31
269 35 31
269 36 31
269 37 31
269 41 31
269 42 31
269 43 31
269 45 31
269 57 31
269 62 31
269 77 31
269 80 31
269 88 31
269 142 31
269 153 31
269 160 31
269 172 31
269 180 31
269 184 31
269 206 31
269 222 31
269 243 31
269 263 31
269 265 31
269 281 31
269 282 31
269 284 31
269 288 31
283 10 28
283 35 28
283 36 28
283 37 28
283 41 28
283 42 28
283 43 28
283 45 28
283 57 28
283 62 28
283 77 28
283 80 28
283 88 28
283 142 28
283 153 28
283 160 28
283 172 28
283 180 28
283 184 28
283 206 28
283 222 28
283 243 28
283 263 28
283 265 28
283 281 28
283 282 28
283 284 28
283 288 28
4 5 1
4 20 1
4 21 1
4 22 1
4 65 1
4 81 1
4 89 1
4 150 1
4 170 1
4 223 1
4 250 1
4 258 1
4 259 1
4 262 1
4 272 1
4 294 1
43 5 1
43 20 1
43 21 1
43 22 1
43 65 1
43 81 1
43 89 1
43 150 1
43 170 1
43 223 1
43 250 1
43 258 1
43 259 1
43 262 1
43 272 1
43 294 1
57 5 37
57 20 37
57 21 37
57 22 37
57 65 37
57 81 37
57 89 37
57 150 37
57 170 37
57 223 37
57 250 37
57 258 37
57 259 37
57 262 37
57 272 37
57 294 37
60 5 26
60 20 26
60 21 26
60 22 26
60 65 26
60 81 26
60 89 26
60 150 26
60 170 26
60 223 26
60 250 26
60 258 26
60 259 26
60 262 26
60 272 26
60 294 26
76 5 48
76 20 48
76 21 48
76 22 48
76 65 48
76 81 48
76 89 48
76 150 48
76 170 48
76 223 48
76 250 48
76 258 48
76 259 48
76 262 48
76 272 48
76 294 48
79 5 30
79 20 30
79 21 30
79 22 30
79 65 30
79 81 30
79 89 30
79 150 30
79 170 30
79 223 30
79 250 30
79 258 30
79 259 30
79 262 30
79 272 30
79 294 30
99 5 20
99 20 20
99 21 20
99 22 20
99 65 20
99 81 20
99 89 20
99 150 20
99 170 20
99 223 20
99 250 20
99 258 20
99 259 20
99 262 20
99 272 20
99 294 20
108 5 32
108 20 32
108 21 32
108 22 32
108 65 32
108 81 32
108 89 32
108 150 32
108 170 32
108 223 32
108 250 32
108 258 32
108 259 32
108 262 32
108 272 32
108 294 32
123 5 36
123 20 36
123 21 36
123 22 36
123 65 36
123 81 36
123 89 36
123 150 36
123 170 36
123 223 36
123 250 36
123 258 36
123 259 36
123 262 36
123 272 36
123 294 36
131 5 27
131 20 27
131 21 27
131 22 27
131 65 27
131 81 27
131 89 27
131 150 27
131 170 27
131 223 27
131 250 27
131 258 27
131 259 27
131 262 27
131 272 27
131 294 27
136 5 35
136 20 35
136 21 35
136 22 35
136 65 35
136 81 35
136 89 35
136 150 35
136 170 35
136 223 35
136 250 35
136 258 35
136 259 35
136 262 35
136 272 35
136 294 35
151 5 35
151 20 35
151 21 35
151 22 35
151 65 35
151 81 35
151 89 35
151 150 35
151 170 35
151 223 35
151 250 35
151 258 35
151 259 35
151 262 35
151 272 35
151 294 35
155 5 48
155 20 48
155 21 48
155 22 48
155 65 48
155 81 48
155 89 48
155 150 48
155 170 48
155 223 48
155 250 48
155 258 48
155 259 48
155 262 48
155 272 48
155 294 48
159 5 18
159 20 18
159 21 18
159 22 18
159 65 18
159 81 18
159 89 18
159 150 18
159 170 18
159 223 18
159 250 18
159 258 18
159 259 18
159 262 18
159 272 18
159 294 18
164 5 31
164 20 31
164 21 31
164 22 31
164 65 31
164 81 31
164 89 31
164 150 31
164 170 31
164 223 31
164 250 31
164 258 31
164 259 31
164 262 31
164 272 31
164 294 31
168 5 30
168 20 30
168 21 30
168 22 30
168 65 30
168 81 30
168 89 30
168 150 30
168 170 30
168 223 30
168 250 30
168 258 30
168 259 30
168 262 30
168 272 30
168 294 30
203 5 22
203 20 22
203 21 22
203 22 22
203 65 22
203 81 22
203 89 22
203 150 22
203 170 22
203 223 22
203 250 22
203 258 22
203 259 22
203 262 22
203 272 22
203 294 22
216 5 45
216 20 45
216 21 45
216 22 45
216 65 45
216 81 45
216 89 45
216 150 45
216 170 45
216 223 45
216 250 45
216 258 45
216 259 45
216 262 45
216 272 45
216 294 45
221 5 42
221 20 42
221 21 42
221 22 42
221 65 42
221 81 42
221 89 42
221 150 42
221 170 42
221 223 42
221 250 42
221 258 42
221 259 42
221 262 42
221 272 42
221 294 42
236 5 33
236 20 33
236 21 33
236 22 33
236 65 33
236 81 33
236 89 33
236 150 33
236 170 33
236 223 33
236 250 33
236 258 33
236 259 33
236 262 33
236 272 33
236 294 33
247 5 40
247 20 40
247 21 40
247 22 40
247 65 40
247 81 40
247 89 40
247 150 40
247 170 40
247 223 40
247 250 40
247 258 40
247 259 40
247 262 40
247 272 40
247 294 40
253 5 31
253 20 31
253 21 31
253 22 31
253 65 31
253 81 31
253 89 31
253 150 31
253 170 31
253 223 31
253 250 31
253 258 31
253 259 31
253 262 31
253 272 31
253 294 31
286 5 39
286 20 39
286 21 39
286 22 39
286 65 39
286 81 39
286 89 39
286 150 39
286 170 39
286 223 39
286 250 39
286 258 39
286 259 39
286 262 39
286 272 39
286 294 39
291 5 49
291 20 49
291 21 49
291 22 49
291 65 49
291 81 49
291 89 49
291 150 49
291 170 49
291 223 49
291 250 49
291 258 49
291 259 49
291 262 49
291 272 49
291 294 49
297 5 20
297 20 20
297 21 20
297 22 20
297 65 20
297 81 20
297 89 20
297 150 20
297 170 20
297 223 20
297 250 20
297 258 20
297 259 20
297 262 20
297 272 20
297 294 20
34 50 1
34 70 1
34 101 1
34 103 1
34 123 1
34 140 1
34 145 1
34 147 1
34 154 1
34 157 1
34 162 1
34 166 1
34 186 1
34 191 1
34 218 1
34 220 1
34 228 1
34 234 1
34 276 1
34 277 1
34 296 1
54 50 1
54 70 1
54 101 1
54 103 1
54 123 1
54 140 1
54 145 1
54 147 1
54 154 1
54 157 1
54 162 1
54 166 1
54 186 1
54 191 1
54 218 1
54 220 1
54 228 1
54 234 1
54 276 1
54 277 1
54 296 1
58 50 40
58 70 40
58 101 40
58 103 40
58 123 40
58 140 40
58 145 40
58 147 40
58 154 40
58 157 40
58 162 40
58 166 40
58 186 40
58 191 40
58 218 40
58 220 40
58 228 40
58 234 40
58 276 40
58 277 40
58 296 40
69 50 43
69 70 43
69 101 43
69 103 43
69 123 43
69 140 43
69 145 43
69 147 43
69 154 43
69 157 43
69 162 43
69 166 43
69 186 43
69 191 43
69 218 43
69 220 43
69 228 43
69 234 43
69 276 43
69 277 43
69 296 43
100 50 22
100 70 22
100 101 22
100 103 22
100 123 22
100 140 22
100 145 22
100 147 22
100 154 22
100 157 22
100 162 22
100 166 22
100 186 22
100 191 22
100 218 22
100 220 22
100 228 22
100 234 22
100 276 22
100 277 22
100 296 22
125 50 43
125 70 43
125 101 43
125 103 43
125 123 43
125 140 43
125 145 43
125 147 43
125 154 43
125 157 43
125 162 43
125 166 43
125 186 43
125 191 43
125 218 43
125 220 43
125 228 43
125 234 43
125 276 43
125 277 43
125 296 43
126 50 31
126 70 31
126 101 31
126 103 31
126 123 31
126 140 31
126 145 31
126 147 31
126 154 31
126 157 31
126 162 31
126 166 31
126 186 31
126 191 31
126 218 31
126 220 31
126 228 31
126 234 31
126 276 31
126 277 31
126 296 31
142 50 22
142 70 22
142 101 22
142 103 22
142 123 22
142 140 22
142 145 22
142 147 22
142 154 22
142 157 22
142 162 22
142 166 22
142 186 22
142 191 22
142 218 22
142 220 22
142 228 22
142 234 22
142 276 22
142 277 22
142 296 22
177 50 46
177 70 46
177 101 46
177 103 46
177 123 46
177 140 46
177 145 46
177 147 46
177 154 46
177 157 46
177 162 46
177 166 46
177 186 46
177 191 46
177 218 46
177 220 46
177 228 46
177 234 46
177 276 46
177 277 46
177 296 46
219 50 36
219 70 36
219 101 36
219 103 36
219 123 36
219 140 36
219 145 36
219 147 36
219 154 36
219 157 36
219 162 36
219 166 36
219 186 36
219 191 36
219 218 36
219 220 36
219 228 36
219 234 36
219 276 36
219 277 36
219 296 36
266 50 18
266 70 18
266 101 18
266 103 18
266 123 18
266 140 18
266 145 18
266 147 18
266 154 18
266 157 18
266 162 18
266 166 18
266 186 18
266 191 18
266 218 18
266 220 18
266 228 18
266 234 18
266 276 18
266 277 18
266 296 18
267 50 33
267 70 33
267 101 33
267 103 33
267 123 33
267 140 33
267 145 33
267 147 33
267 154 33
267 157 33
267 162 33
267 166 33
267 186 33
267 191 33
267 218 33
267 220 33
267 228 33
267 234 33
267 276 33
267 277 33
267 296 33
275 50 29
275 70 29
275 101 29
275 103 29
275 123 29
275 140 29
275 145 29
275 147 29
275 154 29
275 157 29
275 162 29
275 166 29
275 186 29
275 191 29
275 218 29
275 220 29
275 228 29
275 234 29
275 276 29
275 277 29
275 296 29
280 50 45
280 70 45
280 101 45
280 103 45
280 123 45
280 140 45
280 145 45
280 147 45
280 154 45
280 157 45
280 162 45
280 166 45
280 186 45
280 191 45
280 218 45
280 220 45
280 228 45
280 234 45
280 276 45
280 277 45
280 296 45
284 50 32
284 70 32
284 101 32
284 103 32
284 123 32
284 140 32
284 145 32
284 147 32
284 154 32
284 157 32
284 162 32
284 166 32
284 186 32
284 191 32
284 218 32
284 220 32
284 228 32
284 234 32
284 276 32
284 277 32
284 296 32
292 50 38
292 70 38
292 101 38
292 103 38
292 123 38
292 140 38
292 145 38
292 147 38
292 154 38
292 157 38
292 162 38
292 166 38
292 186 38
292 191 38
292 218 38
292 220 38
292 228 38
292 234 38
292 276 38
292 277 38
292 296 38
12 51 1
12 52 1
12 59 1
12 75 1
12 78 1
12 91 1
12 99 1
12 120 1
12 132 1
12 161 1
12 175 1
12 216 1
12 217 1
12 227 1
12 237 1
12 256 1
12 290 1
12 295 1
26 51 1
26 52 1
26 59 1
26 75 1
26 78 1
26 91 1
26 99 1
26 120 1
26 132 1
26 161 1
26 175 1
26 216 1
26 217 1
26 227 1
26 237 1
26 256 1
26 290 1
26 295 1
30 51 1
30 52 1
30 59 1
30 75 1
30 78 1
30 91 1
30 99 1
30 120 1
30 132 1
30 161 1
30 175 1
30 216 1
30 217 1
30 227 1
30 237 1
30 256 1
30 290 1
30 295 1
33 51 1
33 52 1
33 59 1
33 75 1
33 78 1
33 91 1
33 99 1
33 120 1
33 132 1
33 161 1
33 175 1
33 216 1
33 217 1
33 227 1
33 237 1
33 256 1
33 290 1
33 295 1
38 51 1
38 52 1
38 59 1
38 75 1
38 78 1
38 91 1
38 99 1
38 120 1
38 132 1
38 161 1
38 175 1
38 216 1
38 217 1
38 227 1
38 237 1
38 256 1
38 290 1
38 295 1
67 51 31
67 52 31
67 59 31
67 75 31
67 78 31
67 91 31
67 99 31
67 120 31
67 132 31
67 161 31
67 175 31
67 216 31
67 217 31
67 227 31
67 237 31
67 256 31
67 290 31
67 295 31
72 51 47
72 52 47
72 59 47
72 75 47
72 78 47
72 91 47
72 99 47
72 120 47
72 132 47
72 161 47
72 175 47
72 216 47
72 217 47
72 227 47
72 237 47
72 256 47
72 290 47
72 295 47
97 51 20
97 52 20
97 59 20
97 75 20
97 78 20
97 91 20
97 99 20
97 120 20
97 132 20
97 161 20
97 175 20
97 216 20
97 217 20
97 227 20
97 237 20
97 256 20
97 290 20
97 295 20
110 51 18
110 52 18
110 59 18
110 75 18
110 78 18
110 91 18
110 99 18
110 120 18
110 132 18
110 161 18
110 175 18
110 216 18
110 217 18
110 227 18
110 237 18
110 256 18
110 290 18
110 295 18
138 51 40
138 52 40
138 59 40
138 75 40
138 78 40
138 91 40
138 99 40
138 120 40
138 132 40
138 161 40
138 175 40
138 216 40
138 217 40
138 227 40
138 237 40
138 256 40
138 290 40
138 295 40
141 51 22
141 52 22
141 59 22
141 75 22
141 78 22
141 91 22
141 99 22
141 120 22
141 132 22
141 161 22
141 175 22
141 216 22
141 217 22
141 227 22
141 237 22
141 256 22
141 290 22
141 295 22
149 51 33
149 52 33
149 59 33
149 75 33
149 78 33
149 91 33
149 99 33
149 120 33
149 132 33
149 161 33
149 175 33
149 216 33
149 217 33
149 227 33
149 237 33
149 256 33
149 290 33
149 295 33
156 51 31
156 52 31
156 59 31
156 75 31
156 78 31
156 91 31
156 99 31
156 120 31
156 132 31
156 161 31
156 175 31
156 216 31
156 217 31
156 227 31
156 237 31
156 256 31
156 290 31
156 295 31
160 51 39
160 52 39
160 59 39
160 75 39
160 78 39
160 91 39
160 99 39
160 120 39
160 132 39
160 161 39
160 175 39
160 216 39
160 217 39
160 227 39
160 237 39
160 256 39
160 290 39
160 295 39
214 51 18
214 52 18
214 59 18
214 75 18
214 78 18
214 91 18
214 99 18
214 120 18
214 132 18
214 161 18
214 175 18
214 216 18
214 217 18
214 227 18
214 237 18
214 256 18
214 290 18
214 295 18
223 51 37
223 52 37
223 59 37
223 75 37
223 78 37
223 91 37
223 99 37
223 120 37
223 132 37
223 161 37
223 175 37
223 216 37
223 217 37
223 227 37
223 237 37
223 256 37
223 290 37
223 295 37
234 51 47
234 52 47
234 59 47
234 75 47
234 78 47
234 91 47
234 99 47
234 120 47
234 132 47
234 161 47
234 175 47
234 216 47
234 217 47
234 227 47
234 237 47
234 256 47
234 290 47
234 295 47
268 51 33
268 52 33
268 59 33
268 75 33
268 78 33
268 91 33
268 99 33
268 120 33
268 132 33
268 161 33
268 175 33
268 216 33
268 217 33
268 227 33
268 237 33
268 256 33
268 290 33
268 295 33
298 51 40
298 52 40
298 59 40
298 75 40
298 78 40
298 91 40
298 99 40
298 120 40
298 132 40
298 161 40
298 175 40
298 216 40
298 217 40
298 227 40
298 237 40
298 256 40
298 290 40
298 295 40
10 302 1
88 302 29
122 302 47
153 302 29
163 302 25
262 302 31