252 11
1 252
1
10 13 14 36 52 53 60 66 67 81 85 89 99 114 115 121 131 138 139 173 178 179 206 215 220 240 249
30 31 49 59 73 80 82 107 122 124 141 144 149 152 155 172 180 190 195 196 202 219 231 241
15 18 22 38 39 40 44 45 51 61 63 88 106 134 136 137 145 148 160 164 166 183 188 200 218 223 239 248
2 3 4 16 25 34 42 50 55 57 64 83 87 95 97 103 112 120 128 132 161 167 189 209 210 221 233
21 24 26 28 35 46 56 77 84 93 102 105 116 118 159 186 207 211 213 214 217 229 235
8 9 11 12 19 62 68 69 94 111 123 151 168 175 181 197 199 208 212 225 230 237 242 247
5 6 17 27 29 32 41 47 58 71 79 90 96 101 109 113 117 129 142 162 163 169 171 174 192 194 203 226 234 243
7 33 70 75 76 86 98 100 104 108 126 133 140 143 146 147 150 153 154 156 157 158 170 176 177 184 185 187 193 198 201 222 224 228 232 244 245 251
20 23 37 43 48 54 65 72 74 78 91 92 110 119 125 127 130 135 165 182 191 204 205 216 227 236 238 246 250
252
1 2 1
1 11 1
1 12 1
1 13 1
1 63 1
1 76 1
1 138 1
1 144 1
1 155 1
1 174 1
1 234 1
1 235 1
7 8 1
7 29 1
7 30 1
7 31 1
7 45 1
7 86 1
7 88 1
7 148 1
7 204 1
7 209 1
7 211 1
7 219 1
7 237 1
7 248 1
65 8 38
65 29 38
65 30 38
65 31 38
65 45 38
65 86 38
65 88 38
65 148 38
65 204 38
65 209 38
65 211 38
65 219 38
65 237 38
65 248 38
75 8 29
75 29 29
75 30 29
75 31 29
75 45 29
75 86 29
75 88 29
75 148 29
75 204 29
75 209 29
75 211 29
75 219 29
75 237 29
75 248 29
130 8 46
130 29 46
130 30 46
130 31 46
130 45 46
130 86 46
130 88 46
130 148 46
130 204 46
130 209 46
130 211 46
130 219 46
130 237 46
130 248 46
144 8 39
144 29 39
144 30 39
144 31 39
144 45 39
144 86 39
144 88 39
144 148 39
144 204 39
144 209 39
144 211 39
144 219 39
144 237 39
144 248 39
170 8 20
170 29 20
170 30 20
170 31 20
170 45 20
170 86 20
170 88 20
170 148 20
170 204 20
170 209 20
170 211 20
170 219 20
170 237 20
170 248 20
174 8 50
174 29 50
174 30 50
174 31 50
174 45 50
174 86 50
174 88 50
174 148 50
174 204 50
174 209 50
174 211 50
174 219 50
174 237 50
174 248 50
179 8 23
179 29 23
179 30 23
179 31 23
179 45 23
179 86 23
179 88 23
179 148 23
179 204 23
179 209 23
179 211 23
179 219 23
179 237 23
179 248 23
201 8 40
201 29 40
201 30 40
201 31 40
201 45 40
201 86 40
201 88 40
201 148 40
201 204 40
201 209 40
201 211 40
201 219 40
201 237 40
201 248 40
235 8 42
235 29 42
235 30 42
235 31 42
235 45 42
235 86 42
235 88 42
235 148 42
235 204 42
235 209 42
235 211 42
235 219 42
235 237 42
235 248 42
8 9 1
8 32 1
8 33 1
8 34 1
8 47 1
8 102 1
8 110 1
8 128 1
8 152 1
8 179 1
8 187 1
8 210 1
68 9 18
68 32 18
68 33 18
68 34 18
68 47 18
68 102 18
68 110 18
68 128 18
68 152 18
68 179 18
68 187 18
68 210 18
127 9 25
127 32 25
127 33 25
127 34 25
127 47 25
127 102 25
127 110 25
127 128 25
127 152 25
127 179 25
127 187 25
127 210 25
132 9 44
132 32 44
132 33 44
132 34 44
132 47 44
132 102 44
132 110 44
132 128 44
132 152 44
132 179 44
132 187 44
132 210 44
135 9 25
135 32 25
135 33 25
135 34 25
135 47 25
135 102 25
135 110 25
135 128 25
135 152 25
135 179 25
135 187 25
135 210 25
143 9 27
143 32 27
143 33 27
143 34 27
143 47 27
143 102 27
143 110 27
143 128 27
143 152 27
143 179 27
143 187 27
143 210 27
155 9 42
155 32 42
155 33 42
155 34 42
155 47 42
155 102 42
155 110 42
155 128 42
155 152 42
155 179 42
155 187 42
155 210 42
173 9 19
173 32 19
173 33 19
173 34 19
173 47 19
173 102 19
173 110 19
173 128 19
173 152 19
173 179 19
173 187 19
173 210 19
221 9 37
221 32 37
221 33 37
221 34 37
221 47 37
221 102 37
221 110 37
221 128 37
221 152 37
221 179 37
221 187 37
221 210 37
230 9 49
230 32 49
230 33 49
230 34 49
230 47 49
230 102 49
230 110 49
230 128 49
230 152 49
230 179 49
230 187 49
230 210 49
14 52 1
14 56 1
14 59 1
14 71 1
14 85 1
14 114 1
14 118 1
14 120 1
14 132 1
14 141 1
14 142 1
14 145 1
14 157 1
14 158 1
14 162 1
14 172 1
14 184 1
14 225 1
32 52 1
32 56 1
32 59 1
32 71 1
32 85 1
32 114 1
32 118 1
32 120 1
32 132 1
32 141 1
32 142 1
32 145 1
32 157 1
32 158 1
32 162 1
32 172 1
32 184 1
32 225 1
50 52 1
50 56 1
50 59 1
50 71 1
50 85 1
50 114 1
50 118 1
50 120 1
50 132 1
50 141 1
50 142 1
50 145 1
50 157 1
50 158 1
50 162 1
50 172 1
50 184 1
50 225 1
53 52 1
53 56 1
53 59 1
53 71 1
53 85 1
53 114 1
53 118 1
53 120 1
53 132 1
53 141 1
53 142 1
53 145 1
53 157 1
53 158 1
53 162 1
53 172 1
53 184 1
53 225 1
109 52 45
109 56 45
109 59 45
109 71 45
109 85 45
109 114 45
109 118 45
109 120 45
109 132 45
109 141 45
109 142 45
109 145 45
109 157 45
109 158 45
109 162 45
109 172 45
109 184 45
109 225 45
126 52 49
126 56 49
126 59 49
126 71 49
126 85 49
126 114 49
126 118 49
126 120 49
126 132 49
126 141 49
126 142 49
126 145 49
126 157 49
126 158 49
126 162 49
126 172 49
126 184 49
126 225 49
131 52 46
131 56 46
131 59 46
131 71 46
131 85 46
131 114 46
131 118 46
131 120 46
131 132 46
131 141 46
131 142 46
131 145 46
131 157 46
131 158 46
131 162 46
131 172 46
131 184 46
131 225 46
139 52 18
139 56 18
139 59 18
139 71 18
139 85 18
139 114 18
139 118 18
139 120 18
139 132 18
139 141 18
139 142 18
139 145 18
139 157 18
139 158 18
139 162 18
139 172 18
139 184 18
139 225 18
140 52 33
140 56 33
140 59 33
140 71 33
140 85 33
140 114 33
140 118 33
140 120 33
140 132 33
140 141 33
140 142 33
140 145 33
140 157 33
140 158 33
140 162 33
140 172 33
140 184 33
140 225 33
154 52 47
154 56 47
154 59 47
154 71 47
154 85 47
154 114 47
154 118 47
154 120 47
154 132 47
154 141 47
154 142 47
154 145 47
154 157 47
154 158 47
154 162 47
154 172 47
154 184 47
154 225 47
175 52 45
175 56 45
175 59 45
175 71 45
175 85 45
175 114 45
175 118 45
175 120 45
175 132 45
175 141 45
175 142 45
175 145 45
175 157 45
175 158 45
175 162 45
175 172 45
175 184 45
175 225 45
181 52 30
181 56 30
181 59 30
181 71 30
181 85 30
181 114 30
181 118 30
181 120 30
181 132 30
181 141 30
181 142 30
181 145 30
181 157 30
181 158 30
181 162 30
181 172 30
181 184 30
181 225 30
183 52 50
183 56 50
183 59 50
183 71 50
183 85 50
183 114 50
183 118 50
183 120 50
183 132 50
183 141 50
183 142 50
183 145 50
183 157 50
183 158 50
183 162 50
183 172 50
183 184 50
183 225 50
190 52 34
190 56 34
190 59 34
190 71 34
190 85 34
190 114 34
190 118 34
190 120 34
190 132 34
190 141 34
190 142 34
190 145 34
190 157 34
190 158 34
190 162 34
190 172 34
190 184 34
190 225 34
193 52 41
193 56 41
193 59 41
193 71 41
193 85 41
193 114 41
193 118 41
193 120 41
193 132 41
193 141 41
193 142 41
193 145 41
193 157 41
193 158 41
193 162 41
193 172 41
193 184 41
193 225 41
197 52 45
197 56 45
197 59 45
197 71 45
197 85 45
197 114 45
197 118 45
197 120 45
197 132 45
197 141 45
197 142 45
197 145 45
197 157 45
197 158 45
197 162 45
197 172 45
197 184 45
197 225 45
210 52 37
210 56 37
210 59 37
210 71 37
210 85 37
210 114 37
210 118 37
210 120 37
210 132 37
210 141 37
210 142 37
210 145 37
210 157 37
210 158 37
210 162 37
210 172 37
210 184 37
210 225 37
212 52 43
212 56 43
212 59 43
212 71 43
212 85 43
212 114 43
212 118 43
212 120 43
212 132 43
212 141 43
212 142 43
212 145 43
212 157 43
212 158 43
212 162 43
212 172 43
212 184 43
212 225 43
231 52 44
231 56 44
231 59 44
231 71 44
231 85 44
231 114 44
231 118 44
231 120 44
231 132 44
231 141 44
231 142 44
231 145 44
231 157 44
231 158 44
231 162 44
231 172 44
231 184 44
231 225 44
18 49 1
18 53 1
18 54 1
18 55 1
18 103 1
18 106 1
18 160 1
18 171 1
18 202 1
18 228 1
21 49 1
21 53 1
21 54 1
21 55 1
21 103 1
21 106 1
21 160 1
21 171 1
21 202 1
21 228 1
24 49 1
24 53 1
24 54 1
24 55 1
24 103 1
24 106 1
24 160 1
24 171 1
24 202 1
24 228 1
30 49 1
30 53 1
30 54 1
30 55 1
30 103 1
30 106 1
30 160 1
30 171 1
30 202 1
30 228 1
37 49 1
37 53 1
37 54 1
37 55 1
37 103 1
37 106 1
37 160 1
37 171 1
37 202 1
37 228 1
38 49 1
38 53 1
38 54 1
38 55 1
38 103 1
38 106 1
38 160 1
38 171 1
38 202 1
38 228 1
62 49 40
62 53 40
62 54 40
62 55 40
62 103 40
62 106 40
62 160 40
62 171 40
62 202 40
62 228 40
89 49 22
89 53 22
89 54 22
89 55 22
89 103 22
89 106 22
89 160 22
89 171 22
89 202 22
89 228 22
96 49 42
96 53 42
96 54 42
96 55 42
96 103 42
96 106 42
96 160 42
96 171 42
96 202 42
96 228 42
108 49 47
108 53 47
108 54 47
108 55 47
108 103 47
108 106 47
108 160 47
108 171 47
108 202 47
108 228 47
110 49 24
110 53 24
110 54 24
110 55 24
110 103 24
110 106 24
110 160 24
110 171 24
110 202 24
110 228 24
128 49 35
128 53 35
128 54 35
128 55 35
128 103 35
128 106 35
128 160 35
128 171 35
128 202 35
128 228 35
142 49 28
142 53 28
142 54 28
142 55 28
142 103 28
142 106 28
142 160 28
142 171 28
142 202 28
142 228 28
159 49 47
159 53 47
159 54 47
159 55 47
159 103 47
159 106 47
159 160 47
159 171 47
159 202 47
159 228 47
162 49 35
162 53 35
162 54 35
162 55 35
162 103 35
162 106 35
162 160 35
162 171 35
162 202 35
162 228 35
167 49 25
167 53 25
167 54 25
167 55 25
167 103 25
167 106 25
167 160 25
167 171 25
167 202 25
167 228 25
185 49 36
185 53 36
185 54 36
185 55 36
185 103 36
185 106 36
185 160 36
185 171 36
185 202 36
185 228 36
187 49 43
187 53 43
187 54 43
187 55 43
187 103 43
187 106 43
187 160 43
187 171 43
187 202 43
187 228 43
238 49 26
238 53 26
238 54 26
238 55 26
238 103 26
238 106 26
238 160 26
238 171 26
238 202 26
238 228 26
17 60 1
17 61 1
17 75 1
17 82 1
17 90 1
17 107 1
17 122 1
17 126 1
17 134 1
17 147 1
17 165 1
17 177 1
17 185 1
17 201 1
17 208 1
17 224 1
17 233 1
28 60 1
28 61 1
28 75 1
28 82 1
28 90 1
28 107 1
28 122 1
28 126 1
28 134 1
28 147 1
28 165 1
28 177 1
28 185 1
28 201 1
28 208 1
28 224 1
28 233 1
36 60 1
36 61 1
36 75 1
36 82 1
36 90 1
36 107 1
36 122 1
36 126 1
36 134 1
36 147 1
36 165 1
36 177 1
36 185 1
36 201 1
36 208 1
36 224 1
36 233 1
40 60 1
40 61 1
40 75 1
40 82 1
40 90 1
40 107 1
40 122 1
40 126 1
40 134 1
40 147 1
40 165 1
40 177 1
40 185 1
40 201 1
40 208 1
40 224 1
40 233 1
54 60 1
54 61 1
54 75 1
54 82 1
54 90 1
54 107 1
54 122 1
54 126 1
54 134 1
54 147 1
54 165 1
54 177 1
54 185 1
54 201 1
54 208 1
54 224 1
54 233 1
72 60 25
72 61 25
72 75 25
72 82 25
72 90 25
72 107 25
72 122 25
72 126 25
72 134 25
72 147 25
72 165 25
72 177 25
72 185 25
72 201 25
72 208 25
72 224 25
72 233 25
77 60 23
77 61 23
77 75 23
77 82 23
77 90 23
77 107 23
77 122 23
77 126 23
77 134 23
77 147 23
77 165 23
77 177 23
77 185 23
77 201 23
77 208 23
77 224 23
77 233 23
100 60 21
100 61 21
100 75 21
100 82 21
100 90 21
100 107 21
100 122 21
100 126 21
100 134 21
100 147 21
100 165 21
100 177 21
100 185 21
100 201 21
100 208 21
100 224 21
100 233 21
101 60 25
101 61 25
101 75 25
101 82 25
101 90 25
101 107 25
101 122 25
101 126 25
101 134 25
101 147 25
101 165 25
101 177 25
101 185 25
101 201 25
101 208 25
101 224 25
101 233 25
156 60 45
156 61 45
156 75 45
156 82 45
156 90 45
156 107 45
156 122 45
156 126 45
156 134 45
156 147 45
156 165 45
156 177 45
156 185 45
156 201 45
156 208 45
156 224 45
156 233 45
171 60 19
171 61 19
171 75 19
171 82 19
171 90 19
171 107 19
171 122 19
171 126 19
171 134 19
171 147 19
171 165 19
171 177 19
171 185 19
171 201 19
171 208 19
171 224 19
171 233 19
196 60 45
196 61 45
196 75 45
196 82 45
196 90 45
196 107 45
196 122 45
196 126 45
196 134 45
196 147 45
196 165 45
196 177 45
196 185 45
196 201 45
196 208 45
196 224 45
196 233 45
206 60 40
206 61 40
206 75 40
206 82 40
206 90 40
206 107 40
206 122 40
206 126 40
206 134 40
206 147 40
206 165 40
206 177 40
206 185 40
206 201 40
206 208 40
206 224 40
206 233 40
223 60 26
223 61 26
223 75 26
223 82 26
223 90 26
223 107 26
223 122 26
223 126 26
223 134 26
223 147 26
223 165 26
223 177 26
223 185 26
223 201 26
223 208 26
223 224 26
223 233 26
226 60 42
226 61 42
226 75 42
226 82 42
226 90 42
226 107 42
226 122 42
226 126 42
226 134 42
226 147 42
226 165 42
226 177 42
226 185 42
226 201 42
226 208 42
226 224 42
226 233 42
228 60 39
228 61 39
228 75 39
228 82 39
228 90 39
228 107 39
228 122 39
228 126 39
228 134 39
228 147 39
228 165 39
228 177 39
228 185 39
228 201 39
228 208 39
228 224 39
228 233 39
241 60 24
241 61 24
241 75 24
241 82 24
241 90 24
241 107 24
241 122 24
241 126 24
241 134 24
241 147 24
241 165 24
241 177 24
241 185 24
241 201 24
241 208 24
241 224 24
241 233 24
242 60 47
242 61 47
242 75 47
242 82 47
242 90 47
242 107 47
242 122 47
242 126 47
242 134 47
242 147 47
242 165 47
242 177 47
242 185 47
242 201 47
242 208 47
242 224 47
242 233 47
5 6 1
5 23 1
5 24 1
5 25 1
5 48 1
5 74 1
5 78 1
5 81 1
5 87 1
5 111 1
5 112 1
5 136 1
5 143 1
5 150 1
5 156 1
5 170 1
5 191 1
5 242 1
5 243 1
5 246 1
47 6 1
47 23 1
47 24 1
47 25 1
47 48 1
47 74 1
47 78 1
47 81 1
47 87 1
47 111 1
47 112 1
47 136 1
47 143 1
47 150 1
47 156 1
47 170 1
47 191 1
47 242 1
47 243 1
47 246 1
85 6 29
85 23 29
85 24 29
85 25 29
85 48 29
85 74 29
85 78 29
85 81 29
85 87 29
85 111 29
85 112 29
85 136 29
85 143 29
85 150 29
85 156 29
85 170 29
85 191 29
85 242 29
85 243 29
85 246 29
103 6 43
103 23 43
103 24 43
103 25 43
103 48 43
103 74 43
103 78 43
103 81 43
103 87 43
103 111 43
103 112 43
103 136 43
103 143 43
103 150 43
103 156 43
103 170 43
103 191 43
103 242 43
103 243 43
103 246 43
115 6 30
115 23 30
115 24 30
115 25 30
115 48 30
115 74 30
115 78 30
115 81 30
115 87 30
115 111 30
115 112 30
115 136 30
115 143 30
115 150 30
115 156 30
115 170 30
115 191 30
115 242 30
115 243 30
115 246 30
117 6 46
117 23 46
117 24 46
117 25 46
117 48 46
117 74 46
117 78 46
117 81 46
117 87 46
117 111 46
117 112 46
117 136 46
117 143 46
117 150 46
117 156 46
117 170 46
117 191 46
117 242 46
117 243 46
117 246 46
123 6 29
123 23 29
123 24 29
123 25 29
123 48 29
123 74 29
123 78 29
123 81 29
123 87 29
123 111 29
123 112 29
123 136 29
123 143 29
123 150 29
123 156 29
123 170 29
123 191 29
123 242 29
123 243 29
123 246 29
160 6 44
160 23 44
160 24 44
160 25 44
160 48 44
160 74 44
160 78 44
160 81 44
160 87 44
160 111 44
160 112 44
160 136 44
160 143 44
160 150 44
160 156 44
160 170 44
160 191 44
160 242 44
160 243 44
160 246 44
177 6 20
177 23 20
177 24 20
177 25 20
177 48 20
177 74 20
177 78 20
177 81 20
177 87 20
177 111 20
177 112 20
177 136 20
177 143 20
177 150 20
177 156 20
177 170 20
177 191 20
177 242 20
177 243 20
177 246 20
189 6 46
189 23 46
189 24 46
189 25 46
189 48 46
189 74 46
189 78 46
189 81 46
189 87 46
189 111 46
189 112 46
189 136 46
189 143 46
189 150 46
189 156 46
189 170 46
189 191 46
189 242 46
189 243 46
189 246 46
194 6 41
194 23 41
194 24 41
194 25 41
194 48 41
194 74 41
194 78 41
194 81 41
194 87 41
194 111 41
194 112 41
194 136 41
194 143 41
194 150 41
194 156 41
194 170 41
194 191 41
194 242 41
194 243 41
194 246 41
214 6 48
214 23 48
214 24 48
214 25 48
214 48 48
214 74 48
214 78 48
214 81 48
214 87 48
214 111 48
214 112 48
214 136 48
214 143 48
214 150 48
214 156 48
214 170 48
214 191 48
214 242 48
214 243 48
214 246 48
217 6 50
217 23 50
217 24 50
217 25 50
217 48 50
217 74 50
217 78 50
217 81 50
217 87 50
217 111 50
217 112 50
217 136 50
217 143 50
217 150 50
217 156 50
217 170 50
217 191 50
217 242 50
217 243 50
217 246 50
12 51 1
12 57 1
12 64 1
12 91 1
12 97 1
12 100 1
12 178 1
12 183 1
12 186 1
12 193 1
12 200 1
12 203 1
12 226 1
12 231 1
12 236 1
15 51 1
15 57 1
15 64 1
15 91 1
15 97 1
15 100 1
15 178 1
15 183 1
15 186 1
15 193 1
15 200 1
15 203 1
15 226 1
15 231 1
15 236 1
19 51 1
19 57 1
19 64 1
19 91 1
19 97 1
19 100 1
19 178 1
19 183 1
19 186 1
19 193 1
19 200 1
19 203 1
19 226 1
19 231 1
19 236 1
25 51 1
25 57 1
25 64 1
25 91 1
25 97 1
25 100 1
25 178 1
25 183 1
25 186 1
25 193 1
25 200 1
25 203 1
25 226 1
25 231 1
25 236 1
27 51 1
27 57 1
27 64 1
27 91 1
27 97 1
27 100 1
27 178 1
27 183 1
27 186 1
27 193 1
27 200 1
27 203 1
27 226 1
27 231 1
27 236 1
29 51 1
29 57 1
29 64 1
29 91 1
29 97 1
29 100 1
29 178 1
29 183 1
29 186 1
29 193 1
29 200 1
29 203 1
29 226 1
29 231 1
29 236 1
33 51 1
33 57 1
33 64 1
33 91 1
33 97 1
33 100 1
33 178 1
33 183 1
33 186 1
33 193 1
33 200 1
33 203 1
33 226 1
33 231 1
33 236 1
52 51 1
52 57 1
52 64 1
52 91 1
52 97 1
52 100 1
52 178 1
52 183 1
52 186 1
52 193 1
52 200 1
52 203 1
52 226 1
52 231 1
52 236 1
60 51 38
60 57 38
60 64 38
60 91 38
60 97 38
60 100 38
60 178 38
60 183 38
60 186 38
60 193 38
60 200 38
60 203 38
60 226 38
60 231 38
60 236 38
66 51 46
66 57 46
66 64 46
66 91 46
66 97 46
66 100 46
66 178 46
66 183 46
66 186 46
66 193 46
66 200 46
66 203 46
66 226 46
66 231 46
66 236 46
67 51 28
67 57 28
67 64 28
67 91 28
67 97 28
67 100 28
67 178 28
67 183 28
67 186 28
67 193 28
67 200 28
67 203 28
67 226 28
67 231 28
67 236 28
74 51 20
74 57 20
74 64 20
74 91 20
74 97 20
74 100 20
74 178 20
74 183 20
74 186 20
74 193 20
74 200 20
74 203 20
74 226 20
74 231 20
74 236 20
116 51 20
116 57 20
116 64 20
116 91 20
116 97 20
116 100 20
116 178 20
116 183 20
116 186 20
116 193 20
116 200 20
116 203 20
116 226 20
116 231 20
116 236 20
118 51 34
118 57 34
118 64 34
118 91 34
118 97 34
118 100 34
118 178 34
118 183 34
118 186 34
118 193 34
118 200 34
118 203 34
118 226 34
118 231 34
118 236 34
176 51 36
176 57 36
176 64 36
176 91 36
176 97 36
176 100 36
176 178 36
176 183 36
176 186 36
176 193 36
176 200 36
176 203 36
176 226 36
176 231 36
176 236 36
202 51 46
202 57 46
202 64 46
202 91 46
202 97 46
202 100 46
202 178 46
202 183 46
202 186 46
202 193 46
202 200 46
202 203 46
202 226 46
202 231 46
202 236 46
204 51 39
204 57 39
204 64 39
204 91 39
204 97 39
204 100 39
204 178 39
204 183 39
204 186 39
204 193 39
204 200 39
204 203 39
204 226 39
204 231 39
204 236 39
216 51 38
216 57 38
216 64 38
216 91 38
216 97 38
216 100 38
216 178 38
216 183 38
216 186 38
216 193 38
216 200 38
216 203 38
216 226 38
216 231 38
216 236 38
220 51 49
220 57 49
220 64 49
220 91 49
220 97 49
220 100 49
220 178 49
220 183 49
220 186 49
220 193 49
220 200 49
220 203 49
220 226 49
220 231 49
220 236 49
3 4 1
3 17 1
3 18 1
3 19 1
3 58 1
3 65 1
3 67 1
3 68 1
3 69 1
3 79 1
3 101 1
3 109 1
3 123 1
3 173 1
3 175 1
3 189 1
3 194 1
3 195 1
3 196 1
3 207 1
3 230 1
42 4 1
42 17 1
42 18 1
42 19 1
42 58 1
42 65 1
42 67 1
42 68 1
42 69 1
42 79 1
42 101 1
42 109 1
42 123 1
42 173 1
42 175 1
42 189 1
42 194 1
42 195 1
42 196 1
42 207 1
42 230 1
43 4 1
43 17 1
43 18 1
43 19 1
43 58 1
43 65 1
43 67 1
43 68 1
43 69 1
43 79 1
43 101 1
43 109 1
43 123 1
43 173 1
43 175 1
43 189 1
43 194 1
43 195 1
43 196 1
43 207 1
43 230 1
70 4 24
70 17 24
70 18 24
70 19 24
70 58 24
70 65 24
70 67 24
70 68 24
70 69 24
70 79 24
70 101 24
70 109 24
70 123 24
70 173 24
70 175 24
70 189 24
70 194 24
70 195 24
70 196 24
70 207 24
70 230 24
86 4 35
86 17 35
86 18 35
86 19 35
86 58 35
86 65 35
86 67 35
86 68 35
86 69 35
86 79 35
86 101 35
86 109 35
86 123 35
86 173 35
86 175 35
86 189 35
86 194 35
86 195 35
86 196 35
86 207 35
86 230 35
98 4 18
98 17 18
98 18 18
98 19 18
98 58 18
98 65 18
98 67 18
98 68 18
98 69 18
98 79 18
98 101 18
98 109 18
98 123 18
98 173 18
98 175 18
98 189 18
98 194 18
98 195 18
98 196 18
98 207 18
98 230 18
104 4 44
104 17 44
104 18 44
104 19 44
104 58 44
104 65 44
104 67 44
104 68 44
104 69 44
104 79 44
104 101 44
104 109 44
104 123 44
104 173 44
104 175 44
104 189 44
104 194 44
104 195 44
104 196 44
104 207 44
104 230 44
125 4 44
125 17 44
125 18 44
125 19 44
125 58 44
125 65 44
125 67 44
125 68 44
125 69 44
125 79 44
125 101 44
125 109 44
125 123 44
125 173 44
125 175 44
125 189 44
125 194 44
125 195 44
125 196 44
125 207 44
125 230 44
149 4 23
149 17 23
149 18 23
149 19 23
149 58 23
149 65 23
149 67 23
149 68 23
149 69 23
149 79 23
149 101 23
149 109 23
149 123 23
149 173 23
149 175 23
149 189 23
149 194 23
149 195 23
149 196 23
149 207 23
149 230 23
163 4 43
163 17 43
163 18 43
163 19 43
163 58 43
163 65 43
163 67 43
163 68 43
163 69 43
163 79 43
163 101 43
163 109 43
163 123 43
163 173 43
163 175 43
163 189 43
163 194 43
163 195 43
163 196 43
163 207 43
163 230 43
165 4 29
165 17 29
165 18 29
165 19 29
165 58 29
165 65 29
165 67 29
165 68 29
165 69 29
165 79 29
165 101 29
165 109 29
165 123 29
165 173 29
165 175 29
165 189 29
165 194 29
165 195 29
165 196 29
165 207 29
165 230 29
215 4 48
215 17 48
215 18 48
215 19 48
215 58 48
215 65 48
215 67 48
215 68 48
215 69 48
215 79 48
215 101 48
215 109 48
215 123 48
215 173 48
215 175 48
215 189 48
215 194 48
215 195 48
215 196 48
215 207 48
215 230 48
218 4 26
218 17 26
218 18 26
218 19 26
218 58 26
218 65 26
218 67 26
218 68 26
218 69 26
218 79 26
218 101 26
218 109 26
218 123 26
218 173 26
218 175 26
218 189 26
218 194 26
218 195 26
218 196 26
218 207 26
218 230 26
233 4 36
233 17 36
233 18 36
233 19 36
233 58 36
233 65 36
233 67 36
233 68 36
233 69 36
233 79 36
233 101 36
233 109 36
233 123 36
233 173 36
233 175 36
233 189 36
233 194 36
233 195 36
233 196 36
233 207 36
233 230 36
237 4 23
237 17 23
237 18 23
237 19 23
237 58 23
237 65 23
237 67 23
237 68 23
237 69 23
237 79 23
237 101 23
237 109 23
237 123 23
237 173 23
237 175 23
237 189 23
237 194 23
237 195 23
237 196 23
237 207 23
237 230 23
250 4 43
250 17 43
250 18 43
250 19 43
250 58 43
250 65 43
250 67 43
250 68 43
250 69 43
250 79 43
250 101 43
250 109 43
250 123 43
250 173 43
250 175 43
250 189 43
250 194 43
250 195 43
250 196 43
250 207 43
250 230 43
11 89 1
11 94 1
11 113 1
11 127 1
11 168 1
11 190 1
11 197 1
11 212 1
11 214 1
11 217 1
11 220 1
11 247 1
20 89 1
20 94 1
20 113 1
20 127 1
20 168 1
20 190 1
20 197 1
20 212 1
20 214 1
20 217 1
20 220 1
20 247 1
26 89 1
26 94 1
26 113 1
26 127 1
26 168 1
26 190 1
26 197 1
26 212 1
26 214 1
26 217 1
26 220 1
26 247 1
35 89 1
35 94 1
35 113 1
35 127 1
35 168 1
35 190 1
35 197 1
35 212 1
35 214 1
35 217 1
35 220 1
35 247 1
39 89 1
39 94 1
39 113 1
39 127 1
39 168 1
39 190 1
39 197 1
39 212 1
39 214 1
39 217 1
39 220 1
39 247 1
134 89 34
134 94 34
134 113 34
134 127 34
134 168 34
134 190 34
134 197 34
134 212 34
134 214 34
134 217 34
134 220 34
134 247 34
147 89 33
147 94 33
147 113 33
147 127 33
147 168 33
147 190 33
147 197 33
147 212 33
147 214 33
147 217 33
147 220 33
147 247 33
150 89 48
150 94 48
150 113 48
150 127 48
150 168 48
150 190 48
150 197 48
150 212 48
150 214 48
150 217 48
150 220 48
150 247 48
151 89 26
151 94 26
151 113 26
151 127 26
151 168 26
151 190 26
151 197 26
151 212 26
151 214 26
151 217 26
151 220 26
151 247 26
164 89 32
164 94 32
164 113 32
164 127 32
164 168 32
164 190 32
164 197 32
164 212 32
164 214 32
164 217 32
164 220 32
164 247 32
172 89 26
172 94 26
172 113 26
172 127 26
172 168 26
172 190 26
172 197 26
172 212 26
172 214 26
172 217 26
172 220 26
172 247 26
182 89 33
182 94 33
182 113 33
182 127 33
182 168 33
182 190 33
182 197 33
182 212 33
182 214 33
182 217 33
182 220 33
182 247 33
227 89 32
227 94 32
227 113 32
227 127 32
227 168 32
227 190 32
227 197 32
227 212 32
227 214 32
227 217 32
227 220 32
227 247 32
13 50 1
13 66 1
13 77 1
13 92 1
13 115 1
13 149 1
13 182 1
13 244 1
13 245 1
34 50 1
34 66 1
34 77 1
34 92 1
34 115 1
34 149 1
34 182 1
34 244 1
34 245 1
49 50 1
49 66 1
49 77 1
49 92 1
49 115 1
49 149 1
49 182 1
49 244 1
49 245 1
51 50 1
51 66 1
51 77 1
51 92 1
51 115 1
51 149 1
51 182 1
51 244 1
51 245 1
55 50 1
55 66 1
55 77 1
55 92 1
55 115 1
55 149 1
55 182 1
55 244 1
55 245 1
57 50 31
57 66 31
57 77 31
57 92 31
57 115 31
57 149 31
57 182 31
57 244 31
57 245 31
61 50 32
61 66 32
61 77 32
61 92 32
61 115 32
61 149 32
61 182 32
61 244 32
61 245 32
69 50 39
69 66 39
69 77 39
69 92 39
69 115 39
69 149 39
69 182 39
69 244 39
69 245 39
76 50 49
76 66 49
76 77 49
76 92 49
76 115 49
76 149 49
76 182 49
76 244 49
76 245 49
107 50 33
107 66 33
107 77 33
107 92 33
107 115 33
107 149 33
107 182 33
107 244 33
107 245 33
120 50 40
120 66 40
120 77 40
120 92 40
120 115 40
120 149 40
120 182 40
120 244 40
120 245 40
136 50 41
136 66 41
136 77 41
136 92 41
136 115 41
136 149 41
136 182 41
136 244 41
136 245 41
137 50 38
137 66 38
137 77 38
137 92 38
137 115 38
137 149 38
137 182 38
137 244 38
137 245 38
166 50 49
166 66 49
166 77 49
166 92 49
166 115 49
166 149 49
166 182 49
166 244 49
166 245 49
168 50 38
168 66 38
168 77 38
168 92 38
168 115 38
168 149 38
168 182 38
168 244 38
168 245 38
178 50 24
178 66 24
178 77 24
178 92 24
178 115 24
178 149 24
178 182 24
178 244 24
178 245 24
184 50 31
184 66 31
184 77 31
184 92 31
184 115 31
184 149 31
184 182 31
184 244 31
184 245 31
229 50 25
229 66 25
229 77 25
229 92 25
229 115 25
229 149 25
229 182 25
229 244 25
229 245 25
248 50 47
248 66 47
248 77 47
248 92 47
248 115 47
248 149 47
248 182 47
248 244 47
248 245 47
6 7 1
6 26 1
6 27 1
6 28 1
6 83 1
6 98 1
6 105 1
6 140 1
6 163 1
6 176 1
6 181 1
6 192 1
6 199 1
6 223 1
6 238 1
44 7 1
44 26 1
44 27 1
44 28 1
44 83 1
44 98 1
44 105 1
44 140 1
44 163 1
44 176 1
44 181 1
44 192 1
44 199 1
44 223 1
44 238 1
58 7 37
58 26 37
58 27 37
58 28 37
58 83 37
58 98 37
58 105 37
58 140 37
58 163 37
58 176 37
58 181 37
58 192 37
58 199 37
58 223 37
58 238 37
80 7 38
80 26 38
80 27 38
80 28 38
80 83 38
80 98 38
80 105 38
80 140 38
80 163 38
80 176 38
80 181 38
80 192 38
80 199 38
80 223 38
80 238 38
87 7 46
87 26 46
87 27 46
87 28 46
87 83 46
87 98 46
87 105 46
87 140 46
87 163 46
87 176 46
87 181 46
87 192 46
87 199 46
87 223 46
87 238 46
88 7 32
88 26 32
88 27 32
88 28 32
88 83 32
88 98 32
88 105 32
88 140 32
88 163 32
88 176 32
88 181 32
88 192 32
88 199 32
88 223 32
88 238 32
97 7 26
97 26 26
97 27 26
97 28 26
97 83 26
97 98 26
97 105 26
97 140 26
97 163 26
97 176 26
97 181 26
97 192 26
97 199 26
97 223 26
97 238 26
99 7 26
99 26 26
99 27 26
99 28 26
99 83 26
99 98 26
99 105 26
99 140 26
99 163 26
99 176 26
99 181 26
99 192 26
99 199 26
99 223 26
99 238 26
122 7 32
122 26 32
122 27 32
122 28 32
122 83 32
122 98 32
122 105 32
122 140 32
122 163 32
122 176 32
122 181 32
122 192 32
122 199 32
122 223 32
122 238 32
124 7 23
124 26 23
124 27 23
124 28 23
124 83 23
124 98 23
124 105 23
124 140 23
124 163 23
124 176 23
124 181 23
124 192 23
124 199 23
124 223 23
124 238 23
146 7 29
146 26 29
146 27 29
146 28 29
146 83 29
146 98 29
146 105 29
146 140 29
146 163 29
146 176 29
146 181 29
146 192 29
146 199 29
146 223 29
146 238 29
161 7 29
161 26 29
161 27 29
161 28 29
161 83 29
161 98 29
161 105 29
161 140 29
161 163 29
161 176 29
161 181 29
161 192 29
161 199 29
161 223 29
161 238 29
200 7 50
200 26 50
200 27 50
200 28 50
200 83 50
200 98 50
200 105 50
200 140 50
200 163 50
200 176 50
200 181 50
200 192 50
200 199 50
200 223 50
200 238 50
211 7 41
211 26 41
211 27 41
211 28 41
211 83 41
211 98 41
211 105 41
211 140 41
211 163 41
211 176 41
211 181 41
211 192 41
211 199 41
211 223 41
211 238 41
219 7 46
219 26 46
219 27 46
219 28 46
219 83 46
219 98 46
219 105 46
219 140 46
219 163 46
219 176 46
219 181 46
219 192 46
219 199 46
219 223 46
219 238 46
239 7 38
239 26 38
239 27 38
239 28 38
239 83 38
239 98 38
239 105 38
239 140 38
239 163 38
239 176 38
239 181 38
239 192 38
239 199 38
239 223 38
239 238 38
240 7 37
240 26 37
240 27 37
240 28 37
240 83 37
240 98 37
240 105 37
240 140 37
240 163 37
240 176 37
240 181 37
240 192 37
240 199 37
240 223 37
240 238 37
244 7 42
244 26 42
244 27 42
244 28 42
244 83 42
244 98 42
244 105 42
244 140 42
244 163 42
244 176 42
244 181 42
244 192 42
244 199 42
244 223 42
244 238 42
249 7 39
249 26 39
249 27 39
249 28 39
249 83 39
249 98 39
249 105 39
249 140 39
249 163 39
249 176 39
249 181 39
249 192 39
249 199 39
249 223 39
249 238 39
2 3 2
2 14 2
2 15 2
2 16 2
2 62 2
2 70 2
2 84 2
2 121 2
2 125 2
2 131 2
2 167 2
2 198 2
2 215 2
2 218 2
2 250 2
45 3 1
45 14 1
45 15 1
45 16 1
45 62 1
45 70 1
45 84 1
45 121 1
45 125 1
45 131 1
45 167 1
45 198 1
45 215 1
45 218 1
45 250 1
48 3 1
48 14 1
48 15 1
48 16 1
48 62 1
48 70 1
48 84 1
48 121 1
48 125 1
48 131 1
48 167 1
48 198 1
48 215 1
48 218 1
48 250 1
78 3 43
78 14 43
78 15 43
78 16 43
78 62 43
78 70 43
78 84 43
78 121 43
78 125 43
78 131 43
78 167 43
78 198 43
78 215 43
78 218 43
78 250 43
92 3 35
92 14 35
92 15 35
92 16 35
92 62 35
92 70 35
92 84 35
92 121 35
92 125 35
92 131 35
92 167 35
92 198 35
92 215 35
92 218 35
92 250 35
93 3 38
93 14 38
93 15 38
93 16 38
93 62 38
93 70 38
93 84 38
93 121 38
93 125 38
93 131 38
93 167 38
93 198 38
93 215 38
93 218 38
93 250 38
119 3 31
119 14 31
119 15 31
119 16 31
119 62 31
119 70 31
119 84 31
119 121 31
119 125 31
119 131 31
119 167 31
119 198 31
119 215 31
119 218 31
119 250 31
192 3 47
192 14 47
192 15 47
192 16 47
192 62 47
192 70 47
192 84 47
192 121 47
192 125 47
192 131 47
192 167 47
192 198 47
192 215 47
192 218 47
192 250 47
205 3 25
205 14 25
205 15 25
205 16 25
205 62 25
205 70 25
205 84 25
205 121 25
205 125 25
205 131 25
205 167 25
205 198 25
205 215 25
205 218 25
205 250 25
207 3 26
207 14 26
207 15 26
207 16 26
207 62 26
207 70 26
207 84 26
207 121 26
207 125 26
207 131 26
207 167 26
207 198 26
207 215 26
207 218 26
207 250 26
213 3 38
213 14 38
213 15 38
213 16 38
213 62 38
213 70 38
213 84 38
213 121 38
213 125 38
213 131 38
213 167 38
213 198 38
213 215 38
213 218 38
213 250 38
234 3 31
234 14 31
234 15 31
234 16 31
234 62 31
234 70 31
234 84 31
234 121 31
234 125 31
234 131 31
234 167 31
234 198 31
234 215 31
234 218 31
234 250 31
251 3 46
251 14 46
251 15 46
251 16 46
251 62 46
251 70 46
251 84 46
251 121 46
251 125 46
251 131 46
251 167 46
251 198 46
251 215 46
251 218 46
251 250 46
4 5 1
4 20 1
4 21 1
4 22 1
4 43 1
4 104 1
4 151 1
4 164 1
4 169 1
4 205 1
4 213 1
4 216 1
4 239 1
4 240 1
4 241 1
41 5 1
41 20 1
41 21 1
41 22 1
41 43 1
41 104 1
41 151 1
41 164 1
41 169 1
41 205 1
41 213 1
41 216 1
41 239 1
41 240 1
41 241 1
46 5 1
46 20 1
46 21 1
46 22 1
46 43 1
46 104 1
46 151 1
46 164 1
46 169 1
46 205 1
46 213 1
46 216 1
46 239 1
46 240 1
46 241 1
56 5 36
56 20 36
56 21 36
56 22 36
56 43 36
56 104 36
56 151 36
56 164 36
56 169 36
56 205 36
56 213 36
56 216 36
56 239 36
56 240 36
56 241 36
59 5 18
59 20 18
59 21 18
59 22 18
59 43 18
59 104 18
59 151 18
59 164 18
59 169 18
59 205 18
59 213 18
59 216 18
59 239 18
59 240 18
59 241 18
71 5 19
71 20 19
71 21 19
71 22 19
71 43 19
71 104 19
71 151 19
71 164 19
71 169 19
71 205 19
71 213 19
71 216 19
71 239 19
71 240 19
71 241 19
94 5 30
94 20 30
94 21 30
94 22 30
94 43 30
94 104 30
94 151 30
94 164 30
94 169 30
94 205 30
94 213 30
94 216 30
94 239 30
94 240 30
94 241 30
102 5 28
102 20 28
102 21 28
102 22 28
102 43 28
102 104 28
102 151 28
102 164 28
102 169 28
102 205 28
102 213 28
102 216 28
102 239 28
102 240 28
102 241 28
105 5 46
105 20 46
105 21 46
105 22 46
105 43 46
105 104 46
105 151 46
105 164 46
105 169 46
105 205 46
105 213 46
105 216 46
105 239 46
105 240 46
105 241 46
121 5 35
121 20 35
121 21 35
121 22 35
121 43 35
121 104 35
121 151 35
121 164 35
121 169 35
121 205 35
121 213 35
121 216 35
121 239 35
121 240 35
121 241 35
138 5 50
138 20 50
138 21 50
138 22 50
138 43 50
138 104 50
138 151 50
138 164 50
138 169 50
138 205 50
138 213 50
138 216 50
138 239 50
138 240 50
138 241 50
141 5 48
141 20 48
141 21 48
141 22 48
141 43 48
141 104 48
141 151 48
141 164 48
141 169 48
141 205 48
141 213 48
141 216 48
141 239 48
141 240 48
141 241 48
186 5 33
186 20 33
186 21 33
186 22 33
186 43 33
186 104 33
186 151 33
186 164 33
186 169 33
186 205 33
186 213 33
186 216 33
186 239 33
186 240 33
186 241 33
225 5 32
225 20 32
225 21 32
225 22 32
225 43 32
225 104 32
225 151 32
225 164 32
225 169 32
225 205 32
225 213 32
225 216 32
225 239 32
225 240 32
225 241 32
243 5 31
243 20 31
243 21 31
243 22 31
243 43 31
243 104 31
243 151 31
243 164 31
243 169 31
243 205 31
243 213 31
243 216 31
243 239 31
243 240 31
243 241 31
247 5 20
247 20 20
247 21 20
247 22 20
247 43 20
247 104 20
247 151 20
247 164 20
247 169 20
247 205 20
247 213 20
247 216 20
247 239 20
247 240 20
247 241 20
16 72 1
16 93 1
16 96 1
16 130 1
16 133 1
16 139 1
16 153 1
16 154 1
16 161 1
16 221 1
16 229 1
16 232 1
22 72 1
22 93 1
22 96 1
22 130 1
22 133 1
22 139 1
22 153 1
22 154 1
22 161 1
22 221 1
22 229 1
22 232 1
23 72 1
23 93 1
23 96 1
23 130 1
23 133 1
23 139 1
23 153 1
23 154 1
23 161 1
23 221 1
23 229 1
23 232 1
31 72 1
31 93 1
31 96 1
31 130 1
31 133 1
31 139 1
31 153 1
31 154 1
31 161 1
31 221 1
31 229 1
31 232 1
63 72 37
63 93 37
63 96 37
63 130 37
63 133 37
63 139 37
63 153 37
63 154 37
63 161 37
63 221 37
63 229 37
63 232 37
64 72 40
64 93 40
64 96 40
64 130 40
64 133 40
64 139 40
64 153 40
64 154 40
64 161 40
64 221 40
64 229 40
64 232 40
73 72 33
73 93 33
73 96 33
73 130 33
73 133 33
73 139 33
73 153 33
73 154 33
73 161 33
73 221 33
73 229 33
73 232 33
79 72 20
79 93 20
79 96 20
79 130 20
79 133 20
79 139 20
79 153 20
79 154 20
79 161 20
79 221 20
79 229 20
79 232 20
84 72 21
84 93 21
84 96 21
84 130 21
84 133 21
84 139 21
84 153 21
84 154 21
84 161 21
84 221 21
84 229 21
84 232 21
95 72 23
95 93 23
95 96 23
95 130 23
95 133 23
95 139 23
95 153 23
95 154 23
95 161 23
95 221 23
95 229 23
95 232 23
112 72 34
112 93 34
112 96 34
112 130 34
112 133 34
112 139 34
112 153 34
112 154 34
112 161 34
112 221 34
112 229 34
112 232 34
129 72 30
129 93 30
129 96 30
129 130 30
129 133 30
129 139 30
129 153 30
129 154 30
129 161 30
129 221 30
129 229 30
129 232 30
208 72 19
208 93 19
208 96 19
208 130 19
208 133 19
208 139 19
208 153 19
208 154 19
208 161 19
208 221 19
208 229 19
208 232 19
222 72 46
222 93 46
222 96 46
222 130 46
222 133 46
222 139 46
222 153 46
222 154 46
222 161 46
222 221 46
222 229 46
222 232 46
9 10 1
9 35 1
9 36 1
9 37 1
9 41 1
9 42 1
9 46 1
9 80 1
9 95 1
9 99 1
9 117 1
9 129 1
9 135 1
9 146 1
9 159 1
9 188 1
9 206 1
9 222 1
9 251 1
81 10 36
81 35 36
81 36 36
81 37 36
81 41 36
81 42 36
81 46 36
81 80 36
81 95 36
81 99 36
81 117 36
81 129 36
81 135 36
81 146 36
81 159 36
81 188 36
81 206 36
81 222 36
81 251 36
82 10 40
82 35 40
82 36 40
82 37 40
82 41 40
82 42 40
82 46 40
82 80 40
82 95 40
82 99 40
82 117 40
82 129 40
82 135 40
82 146 40
82 159 40
82 188 40
82 206 40
82 222 40
82 251 40
90 10 20
90 35 20
90 36 20
90 37 20
90 41 20
90 42 20
90 46 20
90 80 20
90 95 20
90 99 20
90 117 20
90 129 20
90 135 20
90 146 20
90 159 20
90 188 20
90 206 20
90 222 20
90 251 20
91 10 40
91 35 40
91 36 40
91 37 40
91 41 40
91 42 40
91 46 40
91 80 40
91 95 40
91 99 40
91 117 40
91 129 40
91 135 40
91 146 40
91 159 40
91 188 40
91 206 40
91 222 40
91 251 40
111 10 34
111 35 34
111 36 34
111 37 34
111 41 34
111 42 34
111 46 34
111 80 34
111 95 34
111 99 34
111 117 34
111 129 34
111 135 34
111 146 34
111 159 34
111 188 34
111 206 34
111 222 34
111 251 34
114 10 37
114 35 37
114 36 37
114 37 37
114 41 37
114 42 37
114 46 37
114 80 37
114 95 37
114 99 37
114 117 37
114 129 37
114 135 37
114 146 37
114 159 37
114 188 37
114 206 37
114 222 37
114 251 37
148 10 31
148 35 31
148 36 31
148 37 31
148 41 31
148 42 31
148 46 31
148 80 31
148 95 31
148 99 31
148 117 31
148 129 31
148 135 31
148 146 31
148 159 31
148 188 31
148 206 31
148 222 31
148 251 31
153 10 31
153 35 31
153 36 31
153 37 31
153 41 31
153 42 31
153 46 31
153 80 31
153 95 31
153 99 31
153 117 31
153 129 31
153 135 31
153 146 31
153 159 31
153 188 31
153 206 31
153 222 31
153 251 31
158 10 43
158 35 43
158 36 43
158 37 43
158 41 43
158 42 43
158 46 43
158 80 43
158 95 43
158 99 43
158 117 43
158 129 43
158 135 43
158 146 43
158 159 43
158 188 43
158 206 43
158 222 43
158 251 43
198 10 50
198 35 50
198 36 50
198 37 50
198 41 50
198 42 50
198 46 50
198 80 50
198 95 50
198 99 50
198 117 50
198 129 50
198 135 50
198 146 50
198 159 50
198 188 50
198 206 50
198 222 50
198 251 50
199 10 42
199 35 42
199 36 42
199 37 42
199 41 42
199 42 42
199 46 42
199 80 42
199 95 42
199 99 42
199 117 42
199 129 42
199 135 42
199 146 42
199 159 42
199 188 42
199 206 42
199 222 42
199 251 42
203 10 25
203 35 25
203 36 25
203 37 25
203 41 25
203 42 25
203 46 25
203 80 25
203 95 25
203 99 25
203 117 25
203 129 25
203 135 25
203 146 25
203 159 25
203 188 25
203 206 25
203 222 25
203 251 25
232 10 25
232 35 25
232 36 25
232 37 25
232 41 25
232 42 25
232 46 25
232 80 25
232 95 25
232 99 25
232 117 25
232 129 25
232 135 25
232 146 25
232 159 25
232 188 25
232 206 25
232 222 25
232 251 25
236 10 43
236 35 43
236 36 43
236 37 43
236 41 43
236 42 43
236 46 43
236 80 43
236 95 43
236 99 43
236 117 43
236 129 43
236 135 43
236 146 43
236 159 43
236 188 43
236 206 43
236 222 43
236 251 43
245 10 28
245 35 28
245 36 28
245 37 28
245 41 28
245 42 28
245 46 28
245 80 28
245 95 28
245 99 28
245 117 28
245 129 28
245 135 28
245 146 28
245 159 28
245 188 28
245 206 28
245 222 28
245 251 28
10 252 1
145 252 45
224 252 21