52 6
1 52
1
2 3 13 15 17 23 28 30 33 42 43 44 45 47 48
4 9 10 12 16 21 22 46 50
5 7 18 24 25 31 34 35 38 39 40 49 51
6 8 11 14 19 20 26 27 29 32 36 37 41
52
1 2 1
1 6 1
1 7 1
1 8 1
1 33 1
4 5 1
4 15 1
4 16 1
4 17 1
4 23 1
4 38 1
4 41 1
24 5 1
24 15 1
24 16 1
24 17 1
24 23 1
24 38 1
24 41 1
44 5 13
44 15 13
44 16 13
44 17 13
44 23 13
44 38 13
44 41 13
45 5 24
45 15 24
45 16 24
45 17 24
45 23 24
45 38 24
45 41 24
8 30 1
8 32 1
8 40 1
8 47 1
14 30 1
14 32 1
14 40 1
14 47 1
33 30 12
33 32 12
33 40 12
33 47 12
11 26 1
11 44 1
11 48 1
11 49 1
17 26 1
17 44 1
17 48 1
17 49 1
18 26 1
18 44 1
18 48 1
18 49 1
34 26 28
34 44 28
34 48 28
34 49 28
40 26 22
40 44 22
40 48 22
40 49 22
50 26 29
50 44 29
50 48 29
50 49 29
3 4 1
3 12 1
3 13 1
3 14 1
3 25 1
3 39 1
3 42 1
3 46 1
3 50 1
21 4 1
21 12 1
21 13 1
21 14 1
21 25 1
21 39 1
21 42 1
21 46 1
21 50 1
23 4 1
23 12 1
23 13 1
23 14 1
23 25 1
23 39 1
23 42 1
23 46 1
23 50 1
49 4 12
49 12 12
49 13 12
49 14 12
49 25 12
49 39 12
49 42 12
49 46 12
49 50 12
6 28 1
6 29 1
6 43 1
12 28 1
12 29 1
12 43 1
26 28 1
26 29 1
26 43 1
27 28 1
27 29 1
27 43 1
30 28 1
30 29 1
30 43 1
37 28 21
37 29 21
37 43 21
42 28 13
42 29 13
42 43 13
46 28 18
46 29 18
46 43 18
47 28 27
47 29 27
47 43 27
7 36 1
7 51 1
10 36 1
10 51 1
15 36 1
15 51 1
19 36 1
19 51 1
28 36 1
28 51 1
29 36 1
29 51 1
39 36 23
39 51 23
48 36 29
48 51 29
9 27 1
9 31 1
9 37 1
13 27 1
13 31 1
13 37 1
16 27 1
16 31 1
16 37 1
20 27 1
20 31 1
20 37 1
35 27 16
35 31 16
35 37 16
36 27 27
36 31 27
36 37 27
2 3 2
2 9 2
2 10 2
2 11 2
2 22 2
2 45 2
25 3 1
25 9 1
25 10 1
25 11 1
25 22 1
25 45 1
31 3 27
31 9 27
31 10 27
31 11 27
31 22 27
31 45 27
38 3 13
38 9 13
38 10 13
38 11 13
38 22 13
38 45 13
43 3 11
43 9 11
43 10 11
43 11 11
43 22 11
43 45 11
51 3 24
51 9 24
51 10 24
51 11 24
51 22 24
51 45 24
5 52 1
41 52 25